14.083
24.921
27.469
29.570
31.864
33.347
34.373
37.099
38.750
40.864
43.197
45.110
47.105
48.417
50.196
51.123
52.546
54.918
56.590
57.759
59.797
61.495
63.217
64.265
65.535
67.039
67.616
68.787
70.063
71.910
72.878
76.488
76.303
78.414
80.005
80.775
82.136
83.384
83.914
85.924
88.148
88.513
89.428
90.038
91.288
91.506
93.235
93.378
94.667
94.727
103.21
102.06
102.57
101.81
101.91
101.65
101.62
101.36
101.39
102.45
102.81
103.79
104.12
103.91
104.77
104.87
105.86
106.15
106.78
107.17
106.88
106.34
107.40
107.31
107.65
108.24
109.03
109.78
110.78
110.71
111.32
112.09
111.80
112.17
112.54
112.81
113.24
113.63
114.57
114.14
114.36
114.47
114.54
113.77
114.63
114.21
114.45
114.37
113.00
114.38
113.65
112.99
112.86
112.20
112.01
111.83
112.21
111.74
111.34
111.05
110.90
110.03
109.78
111.43
111.32
111.93
112.91
114.30
115.49
115.20
116.85
116.75
117.16
117.11
118.39
118.62
117.90
118.74
118.23
119.24
119.94
120.59
120.66
120.68
120.59
119.47
121.98
121.83
123.19
123.64
123.02
125.63
126.84
126.11
126.36
129.65
129.16
128.28
129.06
129.17
129.16
128.30
130.30
128.65
129.51
132.20
130.33
132.47
131.83
131.32
130.40
130.94
132.02
129.94
131.86
133.54
133.90
133.90
133.87
135.88
135.48
136.82
137.81
139.39
140.63
141.78
142.42
145.99
146.67
147.93
148.14
149.07
149.20
149.62
148.90
150.56
150.22
151.04
150.74
151.07
149.93
152.84
153.53
153.47
154.18
154.36
154.87
154.99
155.19
155.14
154.97
153.16
151.65
149.82
150.62
149.56
148.74
148.13
147.81
146.50
146.03
146.03
146.17
146.08
146.14
145.45
146.10
145.23
144.91
145.86
147.73
148.86
149.42
152.50
150.77
151.97
152.59
154.49
154.71
156.77
155.48
159.02
160.71
161.24
162.77
162.37
163.83
164.12
166.28
167.77
170.18
168.11
169.29
170.64
168.92
169.29
169.62
170.63
169.73
170.25
170.38
170.60
171.85
172.74
170.02
170.96
169.90
171.24
169.27
169.33
168.16
167.47
169.01
166.55
166.48
163.82
165.90
164.77
165.55
165.66
165.93
166.23
165.58
165.67
165.12
166.53
166.90
167.11
167.12
167.51
167.95
168.20
168.61
167.76
170.06
169.91
170.49
169.20
170.10
170.00
172.79
172.55
174.41
176.05
174.48
175.33
175.79
177.23
177.96
178.73
179.68
179.28
178.97
179.99
179.25
180.10
179.73
179.09
178.75
181.37
181.31
181.63
183.66
186.23
185.31
186.19
186.44
187.25
186.45
186.74
188.52
186.97
186.62
185.72
187.06
187.47
188.19
186.90
190.95
190.85
190.33
189.99
189.73
188.62
188.63
189.95
190.08
184.41
189.16
187.79
186.98
185.98
185.93
186.08
182.20
187.94
186.46
186.18
185.76
184.72
185.53
185.06
185.31
184.35
186.75
183.69
186.04
185.11
186.99
187.37
188.08
189.62
185.64
189.17
187.82
188.77
190.31
188.77
189.19
187.72
187.56
186.11
187.62
187.94
188.57
188.29
187.99
187.06
187.72
184.79
188.41
186.52
185.15
184.28
183.96
183.91
183.27
182.18
180.80
180.50
179.47
177.95
179.05
178.66
178.40
179.06
176.26
174.51
173.87
171.80
168.86
170.99
170.23
170.83
171.74
172.37
172.63
173.53
173.14
172.30
171.14
172.73
171.82
169.51
167.90
169.98
170.00
168.41
166.85
164.75
163.56
160.80
159.85
159.54
157.34
158.24
158.23
159.28
157.96
157.67
157.42
155.46
158.85
155.00
156.02
155.08
156.87
158.70
157.34
157.09
157.97
156.81
156.68
158.58
155.43
153.69
154.23
155.06
156.23
155.49
155.38
155.41
154.83
152.99
153.03
149.25
151.29
152.67
152.61
152.56
151.89
149.57
148.40
148.53
148.13
146.79
144.94
144.90
142.50
142.15
139.97
140.90
139.72
139.72
137.85
139.10
139.83
139.26
138.83
137.95
135.56
134.59
135.79
133.87
134.04
133.51
132.42
131.74
130.62
130.26
130.04
128.53
127.98
129.45
127.47
126.63
127.66
129.23
127.01
127.30
127.55
126.57
125.24
125.93
124.94
125.08
122.86
122.21
122.63
122.28
120.73
122.17
121.94
121.89
122.22
120.72
120.54
120.22
120.72
120.21
118.71
118.49
119.56
120.11
118.98
120.55
116.04
119.45
119.18
117.49
117.42
115.88
115.56
115.64
114.16
113.27
112.58
109.64
112.19
111.03
111.10
109.64
109.06
109.14
107.97
107.98
106.43
107.72
108.20
106.73
108.43
107.40
106.81
106.52
106.67
105.20
104.30
104.85
103.82
103.35
102.86
102.06
102.15
99.964
101.81
102.26
101.69
99.968
99.368
100.06
99.746
100.03
99.498
98.275
97.397
96.494
93.377
93.342
94.447
93.271
92.443
90.596
90.549
90.949
89.665
88.076
87.507
86.510
86.197
85.267
83.701
83.274
83.801
83.170
82.240
81.253
80.546
79.816
79.164
78.458
75.715
77.253
76.846
77.949
75.947
75.687
75.789
75.060
74.351
74.297
74.841
74.749
75.076
76.234
74.753
74.337
77.725
78.102
77.654
77.262
78.120
78.057
78.850
78.612
78.796
78.154
78.980
79.167
77.439
77.271
78.903
79.977
79.329
79.235
79.477
80.084
80.227
79.966
80.745
80.875
80.593
78.448
78.354
80.234
81.128
81.708
80.883
81.439
81.555
82.114
82.310
82.933
82.869
83.406
82.374
81.558
83.634
83.576
83.719
82.666
81.959
81.957
81.455
81.365
80.840
79.502
80.031
80.078
78.164
81.665
80.932
81.483
80.363
80.236
80.256
80.627
80.081
79.474
79.663
79.111
78.358
77.292
77.718
77.726
78.507
77.965
79.025
78.775
78.916
80.963
80.269
80.291
79.380
79.898
80.187
82.261
80.031
80.892
80.458
79.980
80.432
81.300
81.916
82.407
80.294
79.479
78.770
78.234
77.798
77.044
77.791
77.779
78.076
76.397
76.139
76.125
75.604
74.820
74.551
74.459
74.785
74.105
74.703
74.649
73.992
73.883
74.422
74.860
76.406
73.343
73.096
72.768
72.525
71.190
71.467
71.472
70.703
70.779
71.094
70.954
71.032
74.249
72.083
72.715
73.165
73.818
73.336
73.000
73.072
73.051
72.635
72.221
71.217
71.709
71.090
70.883
70.619
70.856
70.442
70.136
70.298
70.852
70.812
71.235
71.089
71.423
72.053
71.430
71.360
71.576
71.252
71.057
71.037
70.402
70.429
69.367
69.418
68.311
67.482
69.126
69.307
68.636
68.792
68.453
68.837
68.265
65.258
66.603
66.389
66.469
65.798
65.345
64.777
64.786
64.074
62.477
62.984
63.108
62.167
60.824
60.122
60.504
58.797
58.809
60.890
58.574
59.647
59.609
58.987
59.173
59.723
60.510
60.915
61.532
61.170
61.025
61.954
62.683
61.275
61.677
60.889
60.466
60.606
60.546
60.494
63.177
59.799
59.539
59.458
59.071
59.356
60.234
60.235
60.777
59.539
59.770
60.551
59.856
58.857
58.165
58.453
58.661
58.118
58.597
59.928
59.906
60.038
60.818
62.376
60.849
61.377
61.160
61.532
61.199
61.127
61.946
61.502
61.172
60.910
60.167
59.675
58.870
59.458
59.287
60.064
59.553
59.885
60.382
59.834
61.003
63.269
64.594
62.800
64.288
64.759
64.743
64.038
64.323
64.033
63.938
63.704
63.589
63.424
63.016
62.893
61.556
60.948
61.582
61.270
61.843
61.386
60.866
60.487
60.031
59.258
59.367
58.297
59.092
58.093
57.930
57.719
57.305
58.002
57.756
57.555
58.510
57.652
56.544
57.045
57.147
57.565
58.472
58.528
58.311
58.060
60.187
59.401
60.814
60.457
59.890
60.538
61.803
61.547
61.675
61.563
60.889
62.619
64.721
62.744
62.686
62.826
62.468
62.086
62.067
61.705
62.197
61.402
61.619
61.619
61.640
62.732
61.570
60.823
61.709
62.503
62.123
61.711
62.410
61.625
60.916
59.955
59.582
60.600
60.975
60.473
61.630
60.630
59.939
60.461
61.896
60.435
59.940
60.077
59.801
61.205
60.815
60.473
60.398
59.382
60.285
60.349
60.756
61.245
60.982
61.154
60.786
61.646
61.950
62.462
62.779
61.472
62.450
63.035
62.670
63.188
62.964
63.243
62.909
62.856
62.441
62.755
62.450
62.470
62.737
63.042
62.134
61.938
61.454
61.552
60.397
60.171
62.107
61.504
61.183
60.750
61.362
62.157
60.875
59.716
59.346
59.344
59.429
59.974
59.618
59.169
57.467
59.164
58.577
58.049
58.055
58.257
58.898
58.485
57.759
57.498
60.008
59.082
58.233
58.352
58.399
58.508
58.598
58.582
58.395
58.382
59.063
58.534
58.196
58.264
58.337
58.327
58.417
58.040
58.646
59.303
58.135
59.203
58.121
56.706
58.263
58.162
58.290
58.106
58.054
58.035
57.102
57.552
57.121
58.427
56.982
57.007
57.157
57.341
56.400
56.956
59.443
56.497
56.653
58.032
58.114
57.597
58.140
58.164
57.354
57.904
57.796
58.110
58.725
56.767
59.505
59.850
60.596
61.275
60.788
60.806
61.331
61.105
59.393
60.266
62.077
61.311
61.208
60.949
61.589
62.105
62.059
61.932
62.333
62.997
62.586
62.859
62.854
62.723
63.208
63.133
63.451
62.589
64.080
64.117
63.944
64.046
63.706
63.360
63.981
63.665
63.921
62.980
63.150
64.367
62.527
63.318
62.380
65.840
62.381
63.204
63.090
63.166
62.469
60.537
60.718
60.087
59.697
58.488
58.121
57.489
56.809
58.170
57.694
56.472
56.492
57.756
56.774
56.222
55.601
56.936
56.356
57.420
57.475
56.280
55.639
54.932
54.693
53.680
53.683
53.454
54.287
52.038
53.224
52.295
51.949
52.315
52.287
52.090
51.161
51.445
52.367
51.823
51.283
51.159
51.290
52.753
51.766
51.644
51.019
51.987
51.127
50.640
50.264
50.524
51.795
51.379
51.138
50.958
50.670
52.871
50.714
51.169
51.042
50.740
51.581
52.148
50.394
49.975
49.823
49.690
48.978
49.217
49.043
48.640
48.068
48.158
48.062
48.392
46.973
48.044
47.963
48.270
48.894
48.238
49.924
49.747
49.690
49.371
50.874
50.755
51.527
51.378
52.036
52.785
52.848
52.087
51.524
51.610
51.086
50.654
50.195
51.350
51.741
52.045
51.917
52.149
51.852
51.475
51.696
51.375
50.788
51.116
50.990
50.713
51.627
51.895
52.410
52.799
52.672
52.588
53.667
52.831
52.385
52.901
52.680
52.649
52.937
52.844
52.425
52.225
52.476
51.971
52.035
51.440
51.058
51.449
51.195
51.346
51.099
50.861
51.254
50.372
50.398
50.824
51.931
51.749
51.515
51.335
51.634
51.474
52.111
51.176
50.525
51.505
51.545
52.178
51.650
50.888
53.681
53.030
52.671
52.627
53.049
54.297
54.681
54.642
54.207
54.738
54.556
55.370
55.446
55.289
53.693
56.890
56.768
56.846
56.769
55.959
56.423
56.173
55.902
55.879
56.213
56.618
56.256
56.143
56.385
56.093
56.733
56.190
57.232
56.421
56.840
57.668
58.164
58.423
57.133
57.110
56.672
57.237
55.942
55.452
54.169
55.130
54.105
54.142
53.189
52.674
53.981
54.059
53.697
55.601
54.831
53.783
53.898
53.330
53.753
53.228
52.387
51.933
53.397
53.355
53.664
53.682
52.594
52.233
54.399
54.262
54.302
54.756
55.241
53.638
55.844
55.845
55.884
56.295
56.444
58.752
56.439
57.158
56.848
57.364
57.003
57.281
57.617
57.425
57.135
57.173
56.910
57.587
57.457
57.775
57.821
57.715
57.403
57.820
