2.499 
2.947 
3.563 
4.412 
4.628 
4.653 
5.517 
5.799 
6.530 
6.970 
8.181 
8.050 
9.662 
10.335
11.122
11.686
11.976
13.056
14.602
14.422
14.971
16.798
17.624
17.928
19.849
22.520
20.501
21.841
22.387
24.236
25.599
27.637
29.545
31.171
29.140
28.402
31.141
32.494
34.589
35.862
34.767
37.861
37.260
38.195
36.930
38.072
41.259
41.449
42.894
39.500
169.26
84.362
52.873
49.151
46.456
48.248
46.477
46.167
45.645
48.686
48.213
49.120
46.973
51.182
53.177
48.534
55.035
55.982
51.824
50.506
52.393
54.298
49.392
52.097
57.242
51.926
50.694
49.878
50.672
54.115
54.301
54.297
52.873
52.195
52.126
54.426
51.411
56.642
62.624
63.815
53.913
56.993
55.494
67.111
63.660
61.243
56.840
61.010
63.294
65.212
62.848
61.327
62.769
59.732
63.383
63.273
57.043
66.157
62.043
63.179
63.634
64.400
63.208
65.213
67.104
74.603
69.558
65.745
68.645
69.807
71.543
72.844
67.792
75.689
74.933
75.664
72.992
75.399
71.745
84.512
67.822
72.292
71.629
71.250
75.579
79.538
75.739
79.333
69.736
73.499
78.668
77.215
71.679
74.817
67.613
84.374
82.256
82.305
88.024
82.926
82.703
84.700
85.217
85.051
86.839
86.577
95.054
93.665
87.221
91.106
81.236
89.543
91.482
100.30
105.50
93.682
87.437
89.269
90.474
90.723
110.74
98.920
84.667
88.993
88.418
98.589
127.38
108.34
107.15
103.28
99.907
105.67
100.59
100.53
126.47
97.423
96.103
94.839
91.963
87.339
122.86
115.70
100.69
103.65
113.51
101.77
100.97
99.682
108.71
116.34
108.23
113.76
110.06
117.26
106.97
97.567
100.46
105.91
113.15
103.67
98.299
98.257
105.31
106.51
117.62
96.494
98.190
100.60
110.33
112.62
119.86
96.750
113.31
124.83
114.53
121.63
116.00
111.89
125.09
119.92
137.14
136.90
142.68
130.92
125.09
130.86
132.85
133.45
135.48
135.10
130.18
139.27
140.34
139.17
150.03
123.15
142.87
134.03
146.07
130.63
142.71
141.62
135.26
140.04
140.11
132.20
124.79
136.85
129.80
126.67
135.64
127.10
134.58
125.37
122.65
140.95
140.07
131.18
134.25
133.97
139.98
143.83
148.62
133.22
123.40
129.74
142.20
155.63
131.00
139.90
140.04
129.07
145.37
145.74
152.37
132.88
133.20
142.68
148.25
174.22
150.89
146.50
149.72
146.49
160.08
149.46
136.81
151.33
132.18
147.15
138.28
159.81
154.02
145.30
147.17
152.37
153.13
151.35
166.99
154.46
156.18
155.69
154.35
174.53
155.76
158.09
152.66
159.46
156.85
168.26
164.36
161.96
158.53
155.81
141.75
162.92
161.51
180.71
173.71
175.11
162.23
161.99
162.43
167.28
173.80
180.58
168.48
183.03
169.44
189.56
156.30
161.76
154.86
151.80
196.27
181.41
162.64
170.59
161.23
168.31
149.20
168.33
162.90
159.93
176.34
156.47
159.84
158.76
161.11
173.08
169.32
174.03
178.43
172.18
168.88
153.03
202.31
171.08
179.77
152.07
166.92
156.93
227.28
165.68
162.74
157.88
159.80
163.00
147.97
189.36
149.86
165.04
148.14
170.91
166.17
160.28
155.94
156.11
175.31
168.38
173.32
184.46
171.95
156.55
167.19
150.23
167.59
165.22
165.30
144.76
193.29
185.96
146.47
156.50
157.86
146.28
156.07
154.17
157.09
165.52
159.60
149.29
151.76
151.86
184.52
176.65
152.48
153.64
144.95
152.92
153.85
134.97
144.36
143.03
136.44
142.98
132.37
140.35
131.76
137.54
144.72
143.11
135.28
166.76
139.32
129.78
136.49
162.20
144.85
130.65
127.73
130.31
129.92
158.81
115.37
125.16
118.35
121.13
122.20
127.35
140.94
129.34
128.44
118.70
124.52
140.22
191.39
144.55
131.03
129.60
127.78
129.54
111.29
114.08
117.70
109.43
124.00
113.34
113.08
112.28
116.17
124.21
123.81
119.48
112.38
117.96
127.96
111.15
121.24
115.59
118.79
111.16
106.59
96.812
109.05
109.95
103.03
106.32
107.99
109.80
110.33
100.53
106.71
97.113
103.57
101.70
101.12
104.73
110.28
96.503
101.59
100.61
96.372
88.885
89.644
101.31
83.272
88.982
100.83
88.200
126.26
94.847
86.900
96.128
88.584
87.100
97.557
86.088
88.268
94.800
86.307
86.398
86.706
87.569
90.091
86.751
110.19
96.240
82.502
90.797
96.165
86.200
93.838
98.314
92.631
82.357
82.038
81.717
81.710
80.027
83.763
81.361
85.070
90.438
83.338
87.541
83.888
87.639
88.274
115.69
99.693
87.578
82.489
85.682
80.630
83.023
76.570
88.747
84.616
84.868
77.415
76.349
75.394
85.071
86.539
89.961
81.344
81.388
78.769
85.308
80.489
78.161
75.435
73.289
66.718
72.511
74.172
84.470
71.598
69.516
68.700
66.225
68.809
72.386
72.274
64.516
70.455
66.237
63.273
60.567
60.830
61.417
64.029
59.618
65.415
55.345
61.906
59.653
65.849
57.473
60.360
57.133
56.917
63.244
63.343
50.348
51.166
47.627
49.754
50.831
49.524
49.406
49.658
52.221
48.607
49.723
57.655
80.260
61.351
55.405
47.919
52.499
51.164
51.631
49.884
50.362
56.089
52.253
55.038
55.285
54.635
67.959
51.046
52.721
57.367
55.814
50.954
56.508
52.239
50.602
52.049
51.153
73.053
54.209
55.033
50.443
56.568
50.194
50.685
55.938
52.541
56.623
51.259
52.888
53.059
50.241
52.629
48.198
46.244
51.087
46.993
47.089
46.847
54.420
45.816
46.268
42.952
46.963
59.764
50.471
46.031
45.129
40.811
43.107
46.234
44.610
38.922
41.759
49.342
45.172
40.801
37.156
40.295
39.230
41.608
42.304
40.319
45.708
51.192
46.215
45.143
47.549
46.338
43.426
41.602
48.457
43.457
46.066
41.708
40.854
42.116
40.416
42.357
51.504
44.285
45.453
39.714
43.944
39.035
40.168
38.981
46.177
66.036
47.392
39.631
39.270
42.122
38.408
42.609
39.535
41.067
39.081
38.721
41.604
42.748
41.727
40.624
42.685
54.702
45.072
41.807
43.074
39.909
37.651
47.041
42.664
37.855
42.445
36.387
36.337
37.887
65.096
51.872
44.400
41.315
38.622
37.740
40.097
35.778
39.759
36.905
35.717
36.725
36.940
37.798
36.153
34.996
41.608
33.604
34.686
35.774
33.162
34.495
31.210
37.355
39.837
35.929
34.318
32.985
36.116
35.644
32.986
33.958
34.232
35.340
36.153
32.916
34.634
39.763
36.115
34.374
34.997
34.863
34.247
34.152
35.187
38.429
39.059
33.073
32.328
30.773
31.035
31.914
33.154
30.492
32.133
31.334
34.373
32.554
28.663
29.335
31.146
28.167
30.273
40.527
40.330
33.104
28.276
28.445
29.335
29.914
28.340
29.558
28.376
28.185
26.989
28.346
31.056
31.827
28.421
27.623
27.032
27.416
31.994
29.099
39.115
36.897
31.174
29.060
30.226
29.462
30.941
27.671
30.085
29.960
30.080
29.020
27.487
30.133
31.002
29.692
30.760
27.253
29.500
30.781
28.284
31.705
32.949
50.461
33.725
32.441
30.274
31.053
31.799
29.514
31.093
32.091
31.666
32.582
29.244
29.989
29.752
28.052
27.197
30.026
29.897
31.980
30.986
31.292
31.731
38.087
54.849
35.070
33.171
31.559
33.759
28.922
30.498
30.551
29.294
29.559
29.241
25.319
32.201
30.239
28.452
30.494
30.439
30.819
32.612
29.764
26.972
27.198
30.130
28.601
27.663
30.335
38.344
29.132
28.680
27.027
27.594
27.375
24.415
27.590
26.810
27.377
31.387
28.770
26.704
25.671
28.706
27.110
26.209
33.617
29.870
28.333
28.749
28.014
28.849
31.769
29.432
31.710
28.752
28.892
28.242
29.398
37.339
31.923
25.543
28.165
27.254
26.601
27.135
25.776
27.897
27.384
25.345
25.781
29.947
26.952
24.273
26.086
26.192
28.730
32.484
28.278
24.100
26.760
27.659
27.140
30.580
27.049
25.990
26.971
26.195
25.764
24.786
26.990
31.000
27.699
27.604
28.306
27.711
25.758
24.619
24.244
27.178
31.724
33.664
27.327
24.764
25.477
26.450
26.047
25.918
26.082
24.510
25.753
25.585
32.984
40.404
28.790
26.303
26.530
25.603
26.622
26.188
28.747
28.368
23.282
27.915
27.962
26.123
26.722
26.875
27.103
26.702
28.478
26.379
28.783
29.122
27.603
26.021
26.486
29.174
28.643
27.356
26.233
27.090
24.464
26.134
25.134
27.473
26.376
30.805
28.458
26.273
25.505
28.243
26.064
26.476
26.878
26.845
25.294
36.484
43.744
29.109
28.420
27.061
25.451
24.995
22.870
24.059
24.580
23.377
22.980
23.210
24.504
23.272
22.730
25.239
23.427
24.117
24.820
22.677
23.329
21.881
26.331
25.182
23.959
22.664
23.241
22.884
21.365
20.334
21.525
19.965
23.945
22.748
21.838
22.636
21.848
20.840
21.819
31.193
28.677
26.396
24.803
23.120
24.743
24.962
25.454
24.293
26.980
23.627
24.689
26.755
34.913
33.262
27.977
26.235
25.325
27.309
29.323
27.706
28.181
34.081
53.092
32.328
29.880
26.667
25.662
27.356
25.245
24.705
25.095
25.572
26.262
23.748
27.539
23.917
26.151
27.263
24.807
23.754
28.286
26.448
29.134
25.625
25.077
24.510
27.456
27.614
28.687
26.776
29.147
29.642
32.157
29.122
26.105
29.109
44.312
38.463
35.137
30.190
30.410
28.555
27.681
29.447
26.284
30.353
30.001
30.106
26.422
31.186
30.436
27.712
30.176
28.542
30.962
28.059
30.622
29.592
29.577
25.374
29.915
36.385
27.625
24.882
25.232
26.237
27.234
25.382
24.876
31.173
26.074
25.584
24.231
22.940
27.791
25.226
24.045
25.853
25.235
24.931
25.760
23.542
23.378
25.048
26.135
21.084
24.515
24.887
23.485
24.790
25.934
25.082
24.468
25.368
25.986
24.557
23.691
22.565
26.447
23.785
23.728
25.213
24.131
26.514
30.080
23.688
25.463
26.898
27.840
25.256
24.689
24.045
23.301
20.733
21.829
22.675
23.609
21.403
20.827
19.906
19.423
20.162
21.130
21.199
21.142
21.006
22.998
19.547
22.410
22.954
21.754
22.340
24.067
32.847
25.015
21.781
22.262
23.050
22.805
26.648
27.694
21.982
21.095
22.436
22.361
21.522
21.243
20.990
19.638
19.620
21.308
18.480
23.053
20.730
19.210
19.679
19.015
19.599
19.115
21.381
20.543
19.236
21.097
19.622
19.590
20.709
21.723
20.539
23.617
20.196
19.668
18.968
17.965
18.490
20.132
19.026
18.113
17.871
20.719
21.059
20.378
20.403
19.877
20.087
22.671
21.232
19.927
20.446
21.037
20.619
21.154
22.468
21.502
21.508
24.020
22.944
28.784
23.718
22.857
23.614
24.424
35.000
29.197
24.816
22.583
24.477
22.537
23.154
19.339
21.149
25.434
33.716
29.774
25.372
24.903
23.682
23.219
23.823
24.923
25.527
23.567
28.406
25.890
29.843
25.043
24.404
22.319
24.225
23.729
23.777
25.203
23.652
25.370
25.026
29.230
24.588
24.481
27.287
25.618
23.785
26.385
26.469
23.354
24.071
24.698
23.882
25.734
26.063
26.571
26.082
26.155
35.187
26.678
25.094
24.506
26.728
23.774
24.255
27.488
22.226
22.484
23.911
25.729
24.418
26.493
26.611
23.101
25.902
27.107
26.054
28.628
29.199
30.780
24.475
25.385
25.070
35.815
32.513
26.899
25.768
24.298
23.187
25.972
24.883
23.070
24.487
23.961
29.619
27.954
24.981
26.722
24.436
23.416
24.654
24.097
