120.33
14.815
6.163 
4.692 
4.761 
4.711 
5.461 
5.798 
6.440 
6.942 
7.633 
8.242 
9.735 
10.117
11.288
11.702
11.736
13.258
14.566
14.432
15.433
16.989
17.661
18.193
19.964
21.868
20.871
22.047
22.617
24.642
26.665
27.875
28.920
32.420
29.381
28.612
31.509
32.727
34.870
36.161
35.253
37.785
37.470
38.758
37.906
38.629
40.675
41.496
44.157
40.002
136.00
57.297
49.337
48.701
46.275
48.416
46.956
48.767
46.332
49.581
50.643
51.226
48.460
53.600
55.586
49.606
56.129
66.308
52.505
51.354
53.495
56.559
50.834
53.508
56.604
52.261
52.126
52.579
52.401
57.810
56.760
55.772
53.318
53.835
55.777
56.738
51.805
57.017
69.747
68.967
54.602
56.892
55.515
83.454
63.480
60.663
57.683
61.117
65.897
62.574
63.375
61.812
62.804
64.164
69.303
64.502
57.177
69.951
62.529
64.259
62.837
64.119
68.624
66.714
67.329
85.853
67.914
66.932
67.935
69.121
73.007
82.302
68.767
76.419
75.606
75.714
74.646
74.838
72.171
88.560
68.112
72.744
71.432
71.872
76.389
80.166
75.334
79.098
72.529
71.953
82.235
76.674
71.843
74.338
66.764
95.338
82.129
82.551
88.966
83.270
82.315
83.464
84.868
86.147
87.585
91.061
94.371
97.727
85.267
92.244
82.381
93.165
91.883
97.419
114.76
95.793
87.804
89.383
90.242
88.126
120.43
97.508
84.832
89.107
88.946
99.952
122.67
112.45
108.75
103.70
99.511
104.88
101.21
98.889
131.72
100.54
97.691
94.251
92.738
88.714
120.43
121.32
97.873
102.74
113.90
101.54
101.91
99.982
109.72
114.49
108.34
113.62
109.74
115.57
119.29
97.120
100.49
107.31
108.75
107.65
98.247
99.533
106.13
105.65
124.91
100.78
99.748
101.32
108.24
119.93
116.53
99.414
113.97
120.99
119.76
121.06
116.71
111.59
125.60
120.13
150.81
130.91
141.66
131.40
124.96
132.45
133.96
134.84
134.71
132.26
135.65
140.53
139.97
145.18
148.09
126.44
143.50
135.06
148.00
135.16
138.47
141.86
137.10
137.13
139.15
133.82
125.13
137.07
129.86
125.37
133.13
128.18
132.52
125.93
123.31
135.57
151.01
131.98
132.44
131.18
139.75
147.19
154.48
135.77
124.66
131.16
143.07
146.00
130.77
139.90
140.81
127.90
146.30
148.76
155.25
132.26
134.35
142.42
149.52
176.87
149.16
145.96
148.11
145.99
152.37
148.56
138.49
151.81
134.65
150.19
136.20
163.35
153.53
144.64
148.89
153.06
155.05
153.67
164.09
156.14
157.00
154.83
156.74
186.28
153.02
158.72
150.89
159.24
153.14
164.28
168.12
164.84
156.66
161.24
140.76
162.32
160.03
183.23
176.32
173.78
162.24
161.85
162.55
159.19
185.26
179.56
170.40
184.97
174.90
189.97
153.86
160.71
155.04
151.98
190.38
176.61
164.87
170.17
160.51
166.83
148.12
167.95
162.19
160.56
175.75
154.50
162.14
157.00
162.41
173.06
168.97
174.26
179.58
178.28
168.66
155.27
195.49
174.83
180.16
153.25
168.71
155.33
225.51
173.65
163.67
158.27
161.61
162.39
148.11
176.50
151.71
165.89
146.63
167.17
163.08
159.24
156.97
154.70
176.87
169.04
172.58
197.10
172.78
156.80
166.01
152.15
163.77
164.43
163.98
146.48
210.81
169.98
141.63
155.94
158.11
145.77
155.22
153.33
156.79
166.86
157.67
147.00
149.70
151.88
196.19
167.01
148.95
152.63
143.82
151.69
154.91
134.33
142.89
142.85
135.60
142.63
131.03
141.90
131.94
133.58
143.81
135.36
135.23
162.81
139.82
129.86
134.91
167.90
141.28
127.85
126.03
128.74
129.56
152.43
116.90
122.08
117.17
120.06
122.55
126.63
144.96
123.97
126.71
117.77
123.33
129.02
205.62
136.09
129.42
129.84
127.95
128.46
110.41
115.97
120.98
111.07
121.37
112.93
113.06
112.02
113.67
125.72
121.44
118.08
119.81
116.81
126.39
111.34
120.86
115.54
119.63
111.65
107.15
96.586
108.76
109.22
100.68
106.43
109.55
110.07
110.22
98.896
107.17
95.714
102.86
100.93
101.49
107.96
107.30
93.945
100.93
100.59
95.384
87.561
89.778
100.83
82.962
88.990
101.03
88.807
129.02
94.157
86.672
95.052
88.508
86.647
97.551
86.611
88.083
95.304
86.509
87.534
88.821
87.600
91.063
87.607
112.08
94.016
82.676
89.591
97.340
85.080
91.388
99.182
91.012
82.249
82.323
80.129
81.060
79.872
83.255
80.723
85.187
88.563
81.871
87.279
83.592
87.651
89.261
126.26
96.349
87.589
82.119
83.886
80.032
83.776
76.861
88.464
83.239
84.336
75.355
75.419
74.275
83.987
85.083
88.001
80.264
79.906
83.349
84.975
81.068
78.225
75.433
73.999
66.788
71.529
73.176
78.016
72.619
68.064
69.443
66.484
67.966
69.684
79.177
65.182
69.546
64.933
63.280
60.043
59.981
60.415
63.053
60.614
65.419
55.823
61.891
60.499
65.849
57.254
57.466
57.226
56.143
63.946
63.780
48.680
51.182
47.473
49.631
50.940
49.315
49.197
48.879
51.535
47.102
48.020
55.621
83.522
59.783
54.047
47.927
52.065
51.612
51.090
49.528
50.019
55.581
51.468
54.157
53.367
54.377
67.757
50.321
51.918
57.437
55.143
50.690
55.637
51.182
51.090
50.870
52.692
73.735
51.221
53.850
51.284
56.303
49.944
50.210
55.496
52.251
55.855
51.430
52.157
52.412
49.326
52.447
48.173
45.809
50.123
46.496
47.001
46.225
54.435
45.018
45.634
42.221
47.003
57.803
51.371
44.955
45.399
40.235
42.700
46.031
45.197
37.776
41.231
49.971
44.150
41.795
36.564
40.146
38.775
40.971
41.845
40.009
44.780
51.317
44.656
44.809
47.084
45.732
42.903
41.316
50.696
43.506
45.748
41.816
40.259
41.956
39.856
41.839
53.328
44.531
44.241
40.201
43.779
38.603
39.911
38.945
43.897
69.001
47.824
39.144
38.540
42.398
38.438
42.759
39.554
40.714
39.210
38.964
40.906
42.820
41.599
40.628
42.451
53.739
45.223
42.010
42.165
39.852
36.871
47.683
43.951
37.314
41.456
36.234
36.350
37.563
60.258
48.397
43.871
41.308
38.367
37.479
40.317
35.562
39.181
36.505
35.726
36.499
37.257
37.264
36.020
34.645
40.853
33.452
33.859
34.931
32.591
34.578
31.460
38.732
40.401
36.301
34.592
33.247
36.254
35.049
32.917
34.152
34.311
35.144
36.545
32.605
35.195
44.971
35.763
34.388
34.578
35.036
34.085
33.994
34.620
39.986
38.572
31.655
32.280
30.804
30.709
31.188
33.312
30.261
33.182
31.828
34.589
32.183
28.199
29.182
30.599
28.058
29.704
40.861
39.810
33.059
28.128
27.998
29.013
29.337
28.264
29.338
27.994
28.005
26.576
27.568
33.423
29.804
28.222
27.395
26.367
26.666
31.599
28.838
40.430
35.104
30.035
29.136
29.958
29.504
30.838
27.125
29.766
29.645
29.442
28.953
27.245
30.065
31.411
29.710
30.536
26.940
29.196
30.494
28.333
31.619
33.912
51.865
33.715
32.345
29.859
30.904
31.625
29.131
30.599
31.642
31.251
32.431
29.216
29.825
29.648
27.709
27.116
30.310
29.378
32.927
29.823
31.029
31.237
40.443
54.571
32.775
32.849
31.160
33.637
28.744
30.098
30.464
29.157
29.266
29.272
24.562
31.746
29.992
27.439
29.593
30.104
31.072
33.016
30.011
26.950
26.859
29.756
28.188
27.943
29.778
37.951
29.730
28.424
27.201
27.417
27.091
24.271
27.388
26.463
27.300
30.868
28.777
27.474
25.537
28.216
26.627
25.381
33.343
28.858
27.737
28.048
27.149
29.669
30.727
27.423
30.995
28.247
28.298
28.019
28.954
37.017
32.120
25.790
28.165
27.343
26.544
26.991
25.567
27.612
25.962
25.531
26.105
30.151
27.032
24.383
26.065
25.680
29.633
30.700
27.908
24.157
27.206
27.228
26.571
32.965
27.128
24.353
26.316
25.896
25.904
24.828
26.495
29.037
28.778
27.627
27.612
27.420
25.283
24.634
24.319
26.850
30.649
36.253
26.668
24.516
24.953
26.372
26.039
25.968
25.377
24.102
25.681
25.357
36.896
35.583
27.340
26.020
26.066
25.146
26.324
26.055
28.590
28.292
22.952
27.434
27.673
25.757
26.141
26.301
26.664
26.033
28.508
25.245
30.131
28.471
27.207
26.017
26.198
28.901
27.307
28.886
25.435
26.757
24.094
26.013
25.108
27.187
26.243
31.622
27.783
26.086
25.000
28.323
26.873
26.179
27.026
27.387
25.486
32.717
48.600
31.950
28.408
26.877
25.205
24.771
22.541
23.717
24.244
23.067
22.730
22.941
24.537
23.135
22.860
24.954
23.139
24.052
24.853
22.233
23.766
21.682
25.769
24.869
23.392
22.723
23.375
23.060
21.529
20.471
21.733
19.640
24.238
22.821
21.133
22.777
21.992
20.987
21.616
31.238
28.159
26.320
24.258
22.610
23.884
25.021
25.100
23.490
26.517
23.785
24.313
25.367
34.527
33.915
28.683
26.407
24.994
27.373
29.043
27.456
27.888
34.685
61.443
32.051
28.608
25.582
25.187
27.138
24.771
24.367
24.585
25.005
25.832
23.759
27.336
23.647
25.613
27.105
24.823
23.731
28.276
25.405
28.193
25.555
25.780
24.517
27.686
27.938
28.123
26.431
27.637
29.048
33.469
27.954
25.752
28.684
48.149
38.373
33.163
29.717
30.101
28.348
27.218
29.103
25.905
30.188
29.616
29.858
26.089
29.247
29.363
27.841
29.147
27.594
30.334
27.436
30.731
28.683
29.921
24.487
29.114
36.532
27.454
24.720
25.033
25.770
27.164
25.147
24.885
30.911
26.114
24.948
23.836
22.853
27.242
24.918
23.870
25.437
23.642
25.291
25.699
22.836
22.741
25.207
25.111
20.656
24.971
25.186
23.239
24.792
25.687
24.673
25.755
25.755
25.571
25.118
23.449
22.395
26.304
23.410
22.868
24.793
23.686
26.234
30.930
24.060
25.010
25.896
32.000
24.895
24.043
23.544
23.133
20.595
21.478
23.020
21.534
20.821
20.259
19.464
18.676
19.477
20.729
21.134
20.258
20.877
22.871
19.652
22.229
22.297
21.563
21.836
23.888
34.461
24.503
21.608
21.733
22.866
22.626
25.426
23.938
21.744
20.985
22.241
22.132
21.172
20.856
20.905
19.354
19.250
21.129
18.021
22.432
20.599
19.244
19.752
18.925
19.666
19.328
22.322
20.829
20.354
20.719
19.430
19.332
20.426
22.166
20.757
24.077
20.233
19.323
18.683
17.737
18.069
19.997
18.792
17.892
17.253
20.827
21.410
20.318
20.249
19.627
19.793
22.014
21.901
19.823
20.249
20.920
20.186
21.258
23.214
21.393
21.147
24.179
22.469
28.576
23.608
22.581
23.447
24.108
37.808
28.346
24.607
22.400
24.329
22.289
22.822
18.880
20.750
25.233
34.429
29.152
25.171
24.482
23.509
23.211
23.398
24.117
25.435
23.512
27.861
26.710
30.929
25.669
24.159
22.116
23.929
23.180
23.521
25.784
23.786
25.387
24.733
28.356
24.522
24.525
27.457
25.155
23.879
28.700
25.672
22.841
23.444
24.837
23.793
27.502
26.804
26.459
26.125
24.924
32.674
27.221
25.054
24.602
26.529
23.295
24.577
25.897
21.721
22.714
23.474
25.805
24.381
25.626
27.072
23.095
26.049
27.150
25.716
27.590
28.301
29.405
24.154
24.824
24.683
37.430
33.569
26.612
24.986
24.000
22.890
25.607
24.654
22.605
24.085
24.057
31.449
28.216
24.481
26.868
24.203
23.242
24.592
23.988
