-200.00
-200.00
-197.20
-200.00
-200.00
-200.00
-200.00
-200.00
-200.00
-198.00
-198.50
-196.60
-200.00
-196.80
-200.00
-200.00
-200.00
-192.10
-200.00
-200.00
-200.00
-196.60
-200.00
-200.00
-200.00
-200.00
-197.50
-200.00
-200.00
-196.80
-196.80
-198.20
-200.00
-195.30
-196.00
-197.00
-200.00
-200.00
-200.00
-197.10
-200.00
-200.00
-199.00
-198.90
-198.30
-200.00
-196.60
-199.50
-198.40
-197.80
-200.00
-200.00
-200.00
-200.00
-200.00
-200.00
-200.00
-200.00
-200.00
-200.00
-197.50
-200.00
-200.00
-200.00
-200.00
-200.00
-197.10
-198.20
-199.40
-200.00
-199.40
-200.00
-194.50
-200.00
-200.00
-200.00
-190.80
-198.70
-200.00
-200.00
-200.00
-200.00
-199.60
-200.00
-199.60
-200.00
-200.00
-200.00
-200.00
-200.00
-195.50
-200.00
-197.30
-196.20
-199.50
-197.00
-197.10
-195.90
-200.00
-197.20
-200.00
-199.30
-200.00
-200.00
-200.00
-200.00
-200.00
-200.00
-200.00
-194.10
-199.00
-200.00
-200.00
-200.00
-199.70
-200.00
-200.00
-198.60
-200.00
-200.00
-200.00
-198.60
-197.90
-198.50
-200.00
-200.00
-198.80
-200.00
-199.10
-200.00
-192.80
-198.20
-196.90
-200.00
-200.00
-198.60
-197.50
-200.00
-197.10
-200.00
-200.00
-196.00
-200.00
-200.00
-200.00
-200.00
-199.30
-196.20
-196.60
-197.20
-199.00
-196.10
-195.60
-195.80
-198.60
-198.80
-192.20
-200.00
-191.40
-200.00
-200.00
-199.70
-193.00
-200.00
-197.80
-200.00
-200.00
-198.60
-196.40
-199.10
-200.00
-200.00
-195.70
-199.30
-200.00
-199.80
-200.00
-197.50
-187.40
-197.00
-200.00
-199.90
-198.40
-200.00
-198.70
-198.00
-187.30
-195.30
-200.00
-195.10
-200.00
-191.50
-198.40
-197.90
-200.00
-200.00
-200.00
-200.00
-198.70
-200.00
-198.60
-200.00
-200.00
-197.20
-200.00
-200.00
-200.00
-197.20
-196.90
-196.50
-198.20
-195.50
-200.00
-200.00
-196.70
-198.40
-200.00
-200.00
-200.00
-200.00
-199.00
-197.50
-199.70
-200.00
-200.00
-199.90
-200.00
-200.00
-196.60
-197.70
-200.00
-195.10
-197.70
-199.40
-200.00
-200.00
-194.00
-197.10
-200.00
-195.10
-198.60
-196.40
-200.00
-200.00
-200.00
-199.80
-200.00
-198.40
-194.60
-197.50
-198.60
-196.90
-198.70
-188.90
-198.50
-198.70
-200.00
-200.00
-195.60
-200.00
-198.00
-195.40
-198.60
-199.30
-199.10
-196.50
-194.10
-200.00
-197.70
-197.30
-197.80
-196.10
-195.30
-199.10
-200.00
-198.30
-187.30
-200.00
-193.80
-200.00
-192.80
-196.60
-200.00
-199.60
-200.00
-200.00
-198.90
-200.00
-193.80
-185.80
-199.00
-196.80
-199.30
-200.00
-200.00
-192.00
-199.10
-198.30
-198.30
-195.70
-200.00
-198.10
-196.50
-197.00
-200.00
-200.00
-193.40
-192.40
-198.60
-200.00
-200.00
-196.00
-195.80
-199.10
-198.20
-190.00
-194.90
-198.30
-200.00
-195.20
-192.90
-189.80
-200.00
-199.70
-193.80
-198.40
-198.70
-200.00
-197.60
-199.30
-198.50
-188.20
-194.90
-193.90
-192.20
-199.50
-196.50
-195.70
-200.00
-200.00
-195.50
-192.20
-198.80
-197.20
-193.00
-196.20
-197.30
-199.00
-198.50
-197.10
-197.30
-200.00
-200.00
-198.80
-200.00
-200.00
-197.90
-200.00
-200.00
-198.30
-199.20
-200.00
-200.00
-200.00
-200.00
-200.00
-194.50
-200.00
-200.00
-200.00
-200.00
-200.00
-200.00
-200.00
-195.70
-200.00
-200.00
-194.80
-187.90
-195.30
-200.00
-196.20
-200.00
-200.00
-193.00
-196.30
-197.50
-194.10
-199.00
-200.00
-196.20
-195.00
-191.90
-193.80
-197.60
-200.00
-192.60
-194.00
-192.10
-200.00
-192.50
-191.30
-177.30
-197.60
-192.40
-196.00
-195.70
-182.10
-200.00
-198.50
-192.20
-196.40
-196.60
-196.10
-194.60
-192.00
-193.60
-199.20
-193.10
-177.30
-196.10
-192.60
-194.00
-182.00
-184.80
-195.90
-200.00
-193.40
-197.80
-191.50
-183.10
-191.90
-194.50
-193.10
-194.60
-199.40
-190.50
-193.60
-197.40
-194.10
-181.60
-185.90
-198.90
-196.90
-187.20
-196.50
-187.40
-199.80
-194.90
-187.30
-177.50
-190.50
-187.90
-184.30
-188.00
-190.10
-191.10
-193.80
-192.40
-184.20
-198.80
-171.70
-194.90
-197.10
-190.80
-183.00
-179.00
-189.50
-186.10
-168.10
-199.20
-188.80
-189.90
-147.80
-185.20
-187.70
-194.40
-178.60
-197.30
-188.00
-194.70
-194.30
-196.20
-184.30
-188.80
-181.90
-181.60
-179.50
-180.40
-195.50
-168.60
-180.30
-197.40
-187.40
-177.90
-194.40
-185.00
-181.50
-191.60
-193.50
-200.00
-178.80
-196.40
-194.40
-185.00
-197.60
-186.10
-191.60
-196.80
-182.30
-180.70
-177.10
-170.90
-174.30
-179.90
-199.50
-159.90
-182.30
-188.50
-182.50
-178.40
-185.90
-179.40
-184.80
-163.70
-154.40
-155.70
-192.40
-138.20
-181.60
-185.90
-164.40
-169.60
-179.10
-189.90
-170.80
-179.00
-150.00
-180.90
-193.40
-167.80
-171.20
-180.30
-190.50
-178.70
-166.90
-172.80
-172.50
-168.90
-161.00
-181.50
-148.70
-196.50
-180.20
-165.30
-164.70
-182.20
-140.50
-172.30
-189.70
-178.50
-146.00
-157.70
-200.00
-166.70
-166.80
-178.10
-174.70
-171.60
-165.10
-179.90
-174.50
-164.30
-183.20
-139.80
-164.90
-185.20
-152.70
-159.30
-142.50
-160.20
-183.90
-165.10
-171.60
-149.60
-160.80
-182.30
-162.50
-157.90
-145.00
-156.70
-155.40
-145.00
-157.20
-150.70
-141.40
-170.00
-138.60
-149.30
-144.90
-138.20
-123.20
-157.40
-147.80
-180.00
-141.90
-154.20
-165.30
-137.80
-178.80
-168.10
-163.40
-164.80
-169.30
-147.80
-163.00
-191.90
-183.70
-173.50
-168.80
-163.90
-169.40
-168.70
-136.60
-159.60
-145.40
-189.40
-173.70
-175.00
-174.90
-163.40
-147.80
-173.30
-162.40
-183.00
-170.00
-173.00
-155.10
-146.20
-168.10
-150.40
-165.30
-175.00
-170.00
-178.30
-148.10
-144.10
-168.90
-176.70
-160.10
-158.20
-154.40
-174.00
-168.00
-173.10
-179.50
-173.00
-162.00
-132.00
-158.20
-170.40
-162.40
-177.90
-153.00
-145.40
-159.60
-168.90
-164.50
-157.30
-141.20
-132.20
-161.30
-184.90
-161.30
-145.00
-169.30
-162.00
-185.60
-178.70
-150.50
-153.40
-163.20
-150.80
-189.10
-176.00
-190.30
-151.30
-170.20
-149.30
-138.10
-138.50
-170.60
-165.40
-169.40
-181.80
-170.80
-160.00
-144.50
-168.40
-135.50
-168.80
-157.60
-138.20
-133.00
-138.80
-159.20
-138.60
-144.90
-128.50
-134.90
-128.70
-158.00
-162.00
-163.00
-150.00
-186.60
-175.00
-152.10
-156.80
-168.70
-156.70
-167.60
-146.80
-145.80
-150.00
-165.70
-180.40
-177.70
-169.80
-150.00
-149.90
-156.80
-167.40
-152.50
-134.70
-162.10
-148.40
-167.90
-154.50
-147.20
-153.00
-168.90
-156.10
-169.20
-153.90
-160.60
-152.50
-170.70
-170.70
-152.30
-117.40
-147.90
-162.20
-158.60
-152.70
-161.10
-163.00
-133.70
-166.30
-157.50
-154.40
-164.80
-155.20
-161.60
-146.90
-141.60
-173.40
-155.70
-160.30
-147.30
-154.60
-148.90
-152.20
-128.30
-163.40
-146.20
-162.10
-128.10
-176.10
-138.70
-108.90
-131.70
-143.90
-140.40
-145.90
-148.70
-144.70
-136.10
-145.00
-139.50
-151.20
-131.40
-127.90
-169.40
-128.40
-151.50
-178.10
-138.20
-168.40
-153.80
-144.70
-142.40
-158.10
-147.90
-151.10
-161.60
-147.00
-162.10
-160.30
-142.90
-174.70
-134.70
-169.70
-149.10
-132.20
-160.50
-161.80
-111.20
-144.10
-128.40
-135.70
-125.70
-150.20
-136.20
-139.90
-155.10
-142.80
-159.10
-138.70
-162.90
-153.40
-118.90
-162.80
-156.60
-146.00
-137.70
-140.50
-143.90
-128.10
-174.90
-162.40
-172.80
-148.40
-156.80
-149.80
-139.20
-165.80
-148.10
-186.90
-165.20
-158.80
-165.70
-166.00
-156.20
-176.80
-153.70
-149.30
-151.80
-123.30
-125.50
-153.10
-134.50
-147.40
-165.30
-164.10
-150.70
-143.70
-147.90
-156.00
-172.70
-172.10
-182.10
-171.30
-152.10
-157.20
-145.60
-147.60
-147.80
-139.80
-115.10
-147.10
-153.50
-142.00
-133.40
-142.40
-148.80
-146.90
-145.40
-132.80
-140.60
-136.60
-140.30
-124.50
-142.20
-143.90
-101.50
-153.80
-154.20
-133.40
-147.90
-150.00
-158.80
-166.80
-153.00
-158.10
-147.70
-141.40
-143.90
-132.00
-142.60
-167.10
-152.30
-152.80
-172.00
-143.90
-114.40
-161.00
-157.00
-143.20
-135.00
-137.80
-137.50
-162.10
-134.80
-124.40
-119.90
-157.60
-141.30
-129.90
-119.20
-160.60
-102.60
-128.10
-126.00
-153.80
-150.60
-165.40
-116.00
-152.80
-117.00
-131.60
-131.20
-130.70
-141.10
-144.90
-113.40
-144.70
-132.50
-138.90
-134.50
-158.90
-157.60
-149.90
-138.10
-130.20
-128.20
-148.20
-156.20
-150.50
-142.40
-139.50
-142.60
-126.80
-139.60
-140.10
-171.90
-153.90
-169.00
-148.40
-139.60
-162.10
-131.20
-158.50
-172.50
-156.60
-158.70
-151.30
-167.80
-143.50
-131.90
-153.60
-145.70
-129.80
-142.80
-151.60
-161.50
-162.30
-154.70
-147.60
-153.80
-137.80
-146.70
-151.20
-177.00
-133.90
-131.70
-130.20
-165.90
-138.60
-153.90
-152.60
-144.60
-134.00
-129.70
-132.40
-153.00
-153.70
-130.00
-145.20
-151.70
-146.40
-133.80
-164.20
-129.80
-128.80
-112.20
-136.30
-149.20
-158.80
-146.40
-159.70
-132.50
-160.60
-138.90
-141.80
-147.70
-133.10
-140.80
-155.00
-119.50
-125.30
-166.80
-155.20
-161.30
-149.80
-145.60
-166.40
-150.90
-159.80
-156.20
-144.90
-112.20
-148.00
-158.20
-140.90
-142.30
-134.90
-122.50
-155.60
-148.20
-162.70
-139.30
-149.80
-158.70
-144.50
-151.50
-121.60
-129.30
-119.30
-146.50
-133.00
-143.80
-140.80
-142.80
-139.30
-134.90
-169.40
-162.40
-144.60
-148.20
-135.70
-143.40
-154.60
-132.20
-139.40
-154.10
-137.20
-157.50
-144.30
-141.60
-163.80
-154.10
-135.80
-153.40
-161.90
-130.70
-142.90
-152.50
-136.90
-152.00
-120.00
-154.40
-159.10
-162.50
-148.10
-143.90
-137.30
-150.10
-128.30
-146.60
-112.60
-150.90
-145.90
-155.10
-153.20
-154.10
-166.50
-179.50
-168.60
-137.40
-147.80
-143.90
-162.00
-169.00
-141.30
-130.90
-140.80
-154.20
-133.60
-148.90
-126.90
-169.40
-167.00
-154.80
-158.10
-142.60
-120.10
-146.90
-123.30
-153.90
-136.50
-148.60
-137.10
-143.90
-118.20
-141.80
-167.50
-120.40
-153.00
-112.20
-123.80
-157.60
-130.70
-145.00
-163.10
-146.50
-154.90
-157.70
-128.10
-153.20
-134.70
-134.70
-141.40
-161.50
-118.50
-143.00
-141.40
-128.80
-130.30
-154.60
-153.80
-163.60
-138.60
-117.90
-145.50
-151.10
-157.80
-114.50
-131.90
-107.00
-130.90
-147.20
-127.60
-155.60
-139.60
-153.90
-167.40
-152.50
-124.30
-113.00
-160.40
-127.80
-151.70
-156.70
-151.40
-127.60
-143.40
-162.50
-152.30
-124.10
-138.80
-158.20
-183.50
-158.60
-152.40
-129.70
-126.40
-150.60
-137.20
-130.00
-125.20
-139.10
-144.00
-154.50
-169.80
-131.10
-156.20
-157.30
-147.60
-163.70
-137.10
-108.90
-156.80
-138.40
-138.60
-149.50
-151.30
-167.30
-166.80
-138.10
-141.00
-124.50
-138.60
-130.20
-124.60
-158.40
-127.90
-107.50
-133.30
-148.40
-156.80
-131.20
-131.20
-119.80
-124.90
-132.30
-141.30
-144.00
-129.80
-146.60
-128.00
-142.70
-148.70
-143.90
-114.10
-145.30
-135.10
-158.90
-145.40
-120.80
-147.30
-144.40
-114.70
-103.40
-114.20
-125.10
-131.00
-125.10
-122.80
-125.80
-146.20
-116.60
-145.70
-124.30
-100.20
-145.50
-133.90
-141.00
-157.90
-130.00
-153.10
-129.30
-152.00
-152.00
-124.70
-140.50
-160.00
-164.20
-147.40
-172.70
-170.20
-109.60
-149.00
-119.10
-166.90
-106.90
-147.90
-129.50
-146.00
-131.10
-141.80
-156.40
-130.40
-142.50
-135.40
-130.30
-140.30
-171.60
-146.10
-169.30
-132.90
-153.90
-149.60
-130.90
-139.10
-153.30
-131.60
-134.70
-123.30
-115.60
-154.60
-150.20
-158.40
-141.90
-136.90
-129.50
-137.70
-118.30
-137.90
-146.60
-126.20
-136.80
-137.70
-128.10
-125.80
-138.40
-128.60
-129.00
-120.00
-119.40
-127.70
-141.00
-141.30
-144.40
-148.70
-147.60
-141.90
-137.30
-139.00
-140.60
-146.00
-144.40
-107.80
-163.50
-131.30
-142.40
-144.50
-144.80
-135.20
-136.20
-167.80
-161.80
-143.70
-150.00
-145.70
-169.10
-141.50
-156.60
-154.10
-143.60
-133.50
-124.10
-165.70
-131.80
-144.40
-132.20
-147.80
-128.90
-135.00
-143.00
-157.60
-139.70
-144.80
-119.00
-137.70
-128.90
-121.20
-168.40
-140.80
-136.80
-152.50
