2.34677
2.36797
2.33628
2.29752
2.30714
2.32555
2.35141
2.30405
2.30929
2.28932
2.35548
2.35713
2.30396
2.33019
2.33237
2.32784
2.30049
2.42649
2.32885
2.30385
2.34116
2.30240
2.28184
2.30582
2.29710
2.29150
2.30278
2.34847
2.32599
2.28496
2.25674
2.29415
2.25258
2.24211
2.31140
2.28122
2.29773
2.33759
2.26364
2.24567
2.22591
2.27746
2.32945
2.26519
2.35725
2.26589
2.26576
2.25617
2.29037
2.25757
2.25647
2.25588
2.26935
2.27140
2.28893
2.31555
2.27931
2.25138
2.23612
2.25129
2.27700
2.25750
2.31191
2.28537
2.28780
2.27058
2.27485
2.27944
2.33022
2.35539
2.32986
2.30912
2.36350
2.34900
2.32421
2.30760
2.35168
2.36153
2.30062
2.33241
2.30673
2.29347
2.27978
2.40418
2.29805
2.30205
2.32957
2.34256
2.24500
2.22198
2.23597
2.23256
2.27381
2.25892
2.25541
2.25740
2.29047
2.28028
2.26280
2.30241
2.25902
2.28319
2.30492
2.32081
2.30192
2.28016
2.35985
2.24713
2.29515
2.32493
2.33474
2.27578
2.35267
2.33070
2.28473
2.27281
2.29501
2.28974
2.30224
2.31894
2.28788
2.27767
2.28674
2.28525
2.28247
2.28865
2.27724
2.32259
2.28848
2.30806
2.29335
2.35425
2.19183
2.30986
2.27361
2.24097
2.28723
2.23412
2.28008
2.24120
2.23726
2.25570
2.27029
2.26507
2.23670
2.27860
2.31666
2.31744
2.29403
2.30222
2.25909
2.25622
2.28689
2.29172
2.23440
2.28004
2.36262
2.30328
2.36299
2.28577
2.30158
2.24287
2.21962
2.23367
2.26575
2.26791
2.24166
2.26269
2.22500
2.24330
2.22580
2.25127
2.21913
2.28440
2.24654
2.25930
2.19749
2.25290
2.25239
2.34494
2.30160
2.25882
2.27363
2.26637
2.28473
2.26151
2.34992
2.25590
2.28403
2.29137
2.31461
2.27815
2.29338
2.28239
2.28703
2.29349
2.27481
2.26661
2.26232
2.27280
2.30657
2.28846
2.27499
2.31980
2.34703
2.32888
2.28440
2.25418
2.31509
2.28536
2.24225
2.28791
2.28900
2.21054
2.25305
2.20175
2.25970
2.19365
2.33434
2.21665
2.23295
2.23828
2.23335
2.23701
2.28345
2.24439
2.24317
2.29000
2.28163
2.31566
2.30346
2.34208
2.25404
2.28714
2.28992
2.27100
2.30527
2.36813
2.30381
2.26697
2.24008
2.25595
2.22036
2.25220
2.28771
2.32955
2.33131
2.26754
2.32410
2.27334
2.32654
2.32765
2.31037
2.32621
2.28925
2.34014
2.23457
2.39659
2.29652
2.24836
2.26790
2.28502
2.26961
2.21722
2.29856
2.32527
2.32438
2.26320
2.24165
2.27831
2.27441
2.26701
2.26862
2.21911
2.25586
2.25391
2.30921
2.25380
2.24438
2.27628
2.31607
2.26563
2.30485
2.26863
2.28516
2.27623
2.30220
2.31422
2.30183
2.36182
2.25226
2.26848
2.30667
2.31128
2.28262
2.34318
2.24852
2.27733
2.25543
2.29555
2.31758
2.22694
2.29352
2.26215
2.20274
2.26229
2.33620
2.28994
2.23529
2.26069
2.23809
2.21803
2.19995
2.23049
2.21662
2.28020
2.29299
2.23328
2.26234
2.25298
2.25517
2.27936
2.22445
2.18793
2.22742
2.27704
2.18310
2.19838
2.23322
2.21933
2.24875
2.34838
2.30335
2.28402
2.32579
2.25700
2.20323
2.24197
2.19826
2.21248
2.20421
2.21265
2.25779
2.23830
2.26436
2.32977
2.30099
2.26606
2.27276
2.30401
2.22275
2.23460
2.27663
2.26342
2.20823
2.27502
2.30941
2.24650
2.24420
2.27852
2.23696
2.18791
2.19619
2.22029
2.22732
2.19313
2.30883
2.20237
2.21088
2.23285
2.16136
2.22471
2.17106
2.28388
2.26815
2.24714
2.28916
2.26079
2.23806
2.19461
2.21771
2.23253
2.20771
2.19475
2.19929
2.20323
2.17234
2.29738
2.31693
2.21086
2.21165
2.18767
2.18308
2.20378
2.17059
2.17403
2.21753
2.20931
2.27224
2.27223
2.23011
2.21398
2.23240
2.23266
2.27311
2.26852
2.22104
2.30326
2.24161
2.24026
2.20921
2.24186
2.23150
2.19545
2.22173
2.22795
2.37687
2.27405
2.22999
2.33064
2.22633
2.23015
2.28852
2.28215
2.31476
2.27059
2.26419
2.28354
2.30635
2.34072
2.32157
2.29535
2.30019
2.28016
2.23349
2.20709
2.22968
2.19607
2.21998
2.20977
2.35348
2.30110
2.43637
2.28537
2.27909
2.30236
2.18171
2.20637
2.21551
2.29092
2.30876
2.29303
2.21570
2.31654
2.29731
2.21987
2.26824
2.28376
2.29095
2.28592
2.33617
2.39194
2.32712
2.24875
2.29710
2.41818
2.38208
2.25378
2.32759
2.37543
2.28223
2.29798
2.30884
2.45956
2.31689
2.29254
2.35187
2.40041
2.33448
2.31342
2.30833
2.27904
2.29642
2.34565
2.25653
2.28745
2.28299
2.40789
2.35105
2.23253
2.32819
2.30881
2.24550
2.33757
2.24528
2.29433
2.26567
2.32886
2.36106
2.32754
2.28981
2.28995
2.31598
2.29127
2.27244
2.26698
2.28673
2.35054
2.36438
2.38057
2.30111
2.37876
2.31675
2.32908
2.40266
2.31947
2.37962
2.36216
2.34398
2.37880
2.34351
2.35431
2.34114
2.33744
2.38929
2.38244
2.42537
2.36053
2.44084
2.33515
2.38336
2.42343
2.34620
2.36130
2.43446
2.31147
2.28890
2.36470
2.28037
2.34084
2.26668
2.34216
2.29446
2.36574
2.29913
2.36429
2.30562
2.29181
2.31706
2.37460
2.33060
2.42387
2.35627
2.31265
2.30632
2.30977
2.27949
2.44215
2.40965
2.34537
2.27020
2.36402
2.36111
2.34591
2.35478
2.36965
2.38610
2.37419
2.35963
2.33139
2.30617
2.38740
2.40116
2.37711
2.39771
2.45385
2.35314
2.37612
2.32016
2.44605
2.34063
2.37787
2.38680
2.35039
2.42250
2.33259
2.34910
2.37079
2.38285
2.39616
2.36638
2.35723
2.35612
2.33782
2.39962
2.41882
2.35992
2.41456
2.43626
2.40800
2.39552
2.41240
2.38522
2.36446
2.34034
2.31749
2.36936
2.36349
2.39112
2.30675
2.39287
2.29401
2.34633
2.32505
2.34063
2.34768
2.30787
2.29846
2.29994
2.37607
2.35923
2.33191
2.50125
2.42947
2.36717
2.34609
2.33140
2.43392
2.33652
2.38525
2.31074
2.33501
2.39923
2.37084
2.26689
2.33731
2.35801
2.32442
2.38885
2.33978
2.35031
2.30062
2.30040
2.33915
2.36808
2.45919
2.37582
2.27023
2.28989
2.35684
2.38513
2.44997
2.42170
2.35586
2.33043
2.30243
2.35298
2.36494
2.46340
2.44350
2.38166
2.30717
2.35798
2.32611
2.33231
2.28514
2.36499
2.37378
2.32781
2.40292
2.32475
2.32464
2.32898
2.26492
2.33310
2.29873
2.31863
2.25154
2.31762
2.36234
2.27498
2.26711
2.30329
2.20716
2.24710
2.27427
2.34755
2.34485
2.38062
2.34581
2.36300
2.32307
2.28484
2.36452
2.32802
2.33894
2.38672
2.32585
2.22755
2.34237
2.26874
2.33418
2.34580
2.38040
2.39264
2.35291
2.31612
2.25927
2.30439
2.25802
2.28664
2.25835
2.28760
2.31760
2.30225
2.26524
2.30021
2.25249
2.24836
2.33317
2.29969
2.26498
2.30276
2.29191
2.28261
2.39494
2.22196
2.29553
2.22997
2.37641
2.32455
2.31040
2.44350
2.36674
2.35544
2.35664
2.34335
2.29777
2.39366
2.38464
2.29113
2.27748
2.35543
2.29491
2.32989
2.36718
2.39484
2.29892
2.31326
2.29160
2.37878
2.29460
2.26369
2.34679
2.28056
2.32107
2.23249
2.32340
2.28939
2.26324
2.23425
2.28702
2.25793
2.32652
2.64220
2.36687
2.23853
2.33189
2.33047
2.33738
2.37465
2.28910
2.31327
2.32521
2.35297
2.45315
2.45575
2.39309
2.31589
2.40917
2.44362
2.38187
2.32774
2.34306
2.36967
2.35821
2.37911
2.35313
2.40909
2.36661
2.36065
2.38851
2.32390
2.27777
2.32435
2.40147
2.28878
2.33778
2.34453
2.37021
2.44515
2.33478
2.38594
2.32664
2.35014
2.34567
2.33060
2.26666
2.27707
2.29721
2.22669
2.34703
2.29413
2.39737
2.38937
2.38379
2.36438
2.43658
2.30336
2.39827
2.38635
2.40894
2.40504
2.41101
2.35904
2.33076
2.38042
2.43822
2.39413
2.34361
2.33442
2.41223
2.27839
2.35895
2.38105
2.42868
2.40307
2.32157
2.42453
2.32359
2.32680
2.39776
2.35882
2.30990
2.35823
2.29305
2.35080
2.40714
2.29905
2.30703
2.39074
2.29461
2.34441
2.31869
2.32417
2.33439
2.34845
2.32824
2.43936
2.33009
2.32796
2.35096
2.34763
2.33469
2.33599
2.38440
2.35332
2.42071
2.30450
2.30179
2.31640
2.30913
2.36403
2.28694
2.24225
2.28796
2.34410
2.34026
2.40768
2.42645
2.39780
2.34640
2.35271
2.35743
2.37100
2.35205
2.33952
2.34443
2.37755
2.36700
2.35281
2.34108
2.34891
2.33672
2.42470
2.42799
2.32821
2.35523
2.33398
2.39697
2.36706
2.34904
2.43452
2.35240
2.31525
2.38365
2.32434
2.37896
2.32611
2.31493
2.39472
2.37402
2.27274
2.26062
2.23083
2.28271
2.26266
2.52577
2.36991
2.45860
2.42020
2.37224
2.33079
2.41399
2.41760
2.36471
2.34294
2.39166
2.49118
2.43697
2.39587
2.51910
2.39741
2.41915
2.33233
2.35007
2.30470
2.41401
2.39945
2.43566
2.42637
2.39067
2.38529
2.28446
2.34931
2.43150
2.34791
2.41777
2.37846
2.32747
2.28567
2.40974
2.39210
2.33731
2.41238
2.44812
2.37602
2.34938
2.32549
2.41455
2.40759
2.36317
2.43706
2.38410
2.39094
2.29292
2.31956
2.41656
2.41003
2.43337
2.43322
2.41591
2.41061
2.33700
2.35921
2.42073
2.41772
2.38229
2.37935
2.43141
2.41554
2.36874
2.46508
2.36040
2.40326
2.38293
2.39495
2.28347
2.26714
2.26314
2.32401
2.35900
2.29027
2.30443
2.39766
2.41102
2.41765
2.33047
2.32170
2.32548
2.31829
2.30620
2.36204
2.40098
2.35478
2.34127
2.33716
2.41262
2.36248
2.42366
2.34997
2.39057
2.40796
2.58369
2.43466
2.45266
2.43782
2.38394
2.39948
2.48982
2.38775
2.43342
2.37793
2.46161
2.38682
2.41503
2.47938
2.46597
2.44789
2.34310
2.34289
2.39178
2.42442
2.42318
2.41041
2.41317
2.31864
2.37812
2.40362
2.48928
2.35224
2.41735
2.33769
2.42691
2.38303
2.36203
2.42091
2.37404
2.43848
2.38036
2.44150
2.48569
2.44093
2.40833
2.41336
2.40693
2.42306
2.36369
2.42875
2.59402
2.41266
2.37835
2.35507
2.40123
2.41813
2.42065
2.30788
2.35667
2.39833
2.35482
2.38515
2.39931
2.39940
2.38050
2.41783
2.35478
2.40287
2.38729
2.43100
2.41992
2.33805
2.34823
2.40359
2.39843
2.40860
2.43849
2.41617
2.31540
2.34228
2.38581
2.43954
2.41407
2.37269
2.38875
2.36611
2.43222
2.42560
2.45025
2.45836
2.37740
2.49407
2.46955
2.38843
2.37887
2.46240
2.41801
2.35753
2.36974
2.38620
2.42984
2.44315
2.44990
2.37483
2.39517
2.38628
2.42435
2.34479
2.32845
2.40449
2.38674
2.41475
2.28479
2.25366
2.33221
2.33416
2.40519
2.46917
2.47773
2.49657
2.36255
2.46966
2.40045
2.49386
2.39770
2.48344
2.36666
2.41281
2.44591
2.37047
2.43393
2.46725
2.39112
2.45616
2.47838
2.37194
2.37679
2.38585
2.46115
2.47591
2.45600
2.46916
2.43290
2.51797
2.40710
2.44771
2.37945
2.47449
2.56383
2.43823
2.39721
2.40376
2.38387
2.39734
2.40642
2.34214
2.34439
2.34539
2.44764
2.43689
2.42691
2.42695
2.36094
2.44873
2.38387
2.44497
2.36682
2.44753
2.37421
2.42587
2.46485
2.35959
2.42172
2.43857
2.30292
2.39681
2.44313
2.37552
2.36266
2.33016
2.39049
2.38665
2.31664
2.30138
2.32455
2.38393
2.41446
2.43040
2.35999
2.40717
2.48704
2.41906
2.43749
2.43233
2.43822
2.35492
2.42500
2.42672
2.40592
2.41662
2.45917
2.35213
2.43307
2.37759
2.35677
2.32591
2.52189
2.34407
2.45619
2.45732
2.43986
2.39835
2.46449
2.46127
2.45159
2.45319
2.39621
2.40082
2.41660
2.42740
2.42308
2.38686
2.42002
2.40285
2.46605
2.44372
2.44181
2.40275
2.40253
2.44460
2.42564
2.43522
2.33718
2.41490
2.38469
2.37941
2.41138
2.40685
2.29500
2.38632
2.52667
2.37332
2.39591
2.56314
2.41026
2.39740
2.45392
2.37743
2.47081
2.41047
2.41215
2.29377
2.28483
2.38456
2.31980
2.33285
2.29675
2.40727
2.35836
2.29240
2.34475
2.33890
2.35499
2.31237
2.43189
2.40877
2.42101
2.38646
2.33231
2.33539
2.32844
2.30703
2.40102
2.34462
2.41514
2.33353
2.41883
2.40567
2.37992
2.32910
2.36018
2.40667
2.41870
2.37558
2.35941
2.35169
2.44923
2.34224
2.33733
2.38477
2.34119
2.36231
2.29990
2.28090
2.29713
2.37810
2.29029
2.38504
2.38294
2.38266
2.43919
2.31495
2.38437
2.33663
2.33863
2.36527
2.44754
2.38858
2.40626
2.39234
2.37065
2.45382
2.49879
2.42252
2.48350
2.46709
2.34527
2.40345
2.43614
2.37529
2.46145
2.46096
2.51402
2.42581
2.34265
2.31341
2.35813
2.37977
2.39095
2.36028
2.33582
2.24541
2.42294
2.45417
2.34912
2.38837
2.35428
2.32891
2.37401
2.40928
2.35697
2.23755
2.22854
2.35469
2.28887
2.35737
2.36262
2.42807
2.41493
2.31884
2.33711
2.40264
2.40320
2.32969
2.39046
2.45419
2.37599
2.29135
2.30650
2.37835
2.29141
2.33068
2.30229
2.32292
2.37719
2.29368
2.28230
2.38855
2.27666
2.35451
2.36635
2.31990
