1.77364
1.51751
1.46867
1.55624
1.37800
1.43741
1.47892
1.27254
1.44726
1.38341
1.48225
1.29458
1.30550
1.30494
1.16906
1.15515
0.99412
0.99590
1.10660
1.00000
0.98065
0.97340
0.96740
0.95412
1.06194
0.93017
0.92484
1.03732
1.00900
0.99413
0.99916
1.05185
1.03821
0.98177
0.91918
0.91723
0.86578
0.95057
0.86768
0.87523
0.82942
0.85951
1.01152
0.89979
0.91712
0.79271
0.80726
0.86659
1.01058
0.79804
0.78099
0.82096
0.79108
0.75118
0.68436
0.80015
0.76935
0.62533
0.71271
0.66293
0.65302
0.67625
0.74949
0.70296
0.68085
0.72652
0.68737
0.68892
0.71252
0.73690
0.80572
0.70494
0.71033
0.68735
0.65981
0.69507
0.68515
0.64268
0.64929
0.75421
0.64554
0.70354
0.76476
0.70665
0.63684
0.71034
0.60833
0.66566
0.70713
0.64665
0.75130
0.63040
0.69862
0.69399
0.72356
0.73786
0.72793
0.69975
0.73141
0.72552
0.77998
0.77491
0.76712
0.70769
0.69982
0.67556
0.66951
0.63700
0.74901
0.69924
0.86417
0.69511
0.77698
0.74716
0.67086
0.64865
0.61023
0.55614
0.72984
0.62111
0.62668
0.59573
0.60209
0.63250
0.61129
0.64620
0.64341
0.63984
0.61247
0.63586
0.55340
0.66824
0.56754
0.65812
0.57247
0.48460
0.52737
0.51773
0.57534
0.56525
0.59081
0.62093
0.60181
0.50107
0.60279
0.61630
0.58151
0.67520
0.59378
0.56811
0.62106
0.55411
0.54723
0.51904
0.58419
0.52190
0.64055
0.57908
0.56216
0.59154
0.55541
0.56880
0.56925
0.53493
0.51651
0.51155
0.47525
0.52576
0.49327
0.49797
0.51146
0.48225
0.47835
0.56102
0.50858
0.52791
0.60336
0.61034
0.58065
0.54325
0.59640
0.54200
0.53265
0.45285
0.56404
0.50791
0.54499
0.49619
0.51286
0.55543
0.47406
0.54035
0.52025
0.54248
0.55797
0.55305
0.55216
0.50048
0.57753
0.62524
0.59603
0.59234
0.59784
0.57004
0.68948
0.60563
0.57431
0.57696
0.59849
0.51066
0.48435
0.48172
0.47598
0.44886
0.45940
0.48597
0.50932
0.46188
0.49645
0.47901
0.46087
0.48062
0.45436
0.49325
0.53904
0.49508
0.50319
0.50313
0.53707
0.52355
0.52020
0.56530
0.44976
0.46129
0.44920
0.50089
0.47329
0.50521
0.46308
0.55913
0.43427
0.50752
0.45980
0.45219
0.47311
0.52979
0.47926
0.45320
0.52773
0.50060
0.56641
0.52262
0.52139
0.46604
0.47761
0.46161
0.51212
0.51640
0.46532
0.49494
0.50191
0.48124
0.41732
0.48078
0.48598
0.49803
0.48328
0.50947
0.52397
0.51726
0.50865
0.49386
0.42799
0.50786
0.52050
0.49404
0.50219
0.55037
0.55596
0.54308
0.50362
0.46670
0.45960
0.50992
0.45593
0.44154
0.48026
0.47767
0.44641
0.43636
0.47190
0.42365
0.47541
0.45007
0.47110
0.53923
0.44832
0.45573
0.45251
0.45529
0.41332
0.45480
0.43894
0.47667
0.43986
0.49072
0.56399
0.45830
0.51786
0.47703
0.45540
0.50366
0.43510
0.50449
0.45657
0.45195
0.42803
0.42517
0.42216
0.48762
0.48684
0.43574
0.45158
0.45524
0.40823
0.41560
0.50179
0.43990
0.47392
0.45716
0.44827
0.53619
0.44902
0.46292
0.42253
0.39484
0.35670
0.39588
0.39662
0.39678
0.38719
0.39388
0.44061
0.42277
0.42307
0.46879
0.41871
0.42027
0.38496
0.40365
0.41317
0.40696
0.47129
0.41459
0.44244
0.49559
0.47835
0.51508
0.49432
0.51084
0.53124
0.54410
0.54626
0.51651
0.48565
0.58482
0.50446
0.52886
0.47408
0.51127
0.49345
0.59363
0.45006
0.55907
0.52283
0.51130
0.53464
0.46226
0.44847
0.42692
0.48999
0.44919
0.44256
0.43548
0.48194
0.36524
0.38611
0.42226
0.43466
0.37852
0.46196
0.31864
0.38749
0.51580
0.48441
0.35608
0.38938
0.39400
0.37651
0.39676
0.44475
0.44109
0.40968
0.38188
0.41818
0.39902
0.45020
0.41747
0.46525
0.38702
0.32229
0.39516
0.42232
0.33606
0.36780
0.40301
0.42452
0.42879
0.40333
0.38128
0.40172
0.40105
0.39026
0.38077
0.43230
0.38751
0.42411
0.42650
0.38046
0.41834
0.39142
0.51828
0.41157
0.47194
0.37280
0.39696
0.40545
0.41674
0.38687
0.37432
0.42625
0.42829
0.53398
0.42761
0.51288
0.48983
0.40065
0.47182
0.44261
0.42211
0.48476
0.48518
0.42306
0.45606
0.43470
0.45442
0.52460
0.49660
0.46189
0.44485
0.44034
0.49876
0.44474
0.41740
0.40678
0.40690
0.44589
0.41252
0.37996
0.41553
0.39793
0.37269
0.38491
0.42586
0.35474
0.43760
0.44048
0.43263
0.39431
0.38192
0.39662
0.40178
0.33629
0.36740
0.38224
0.35303
0.44975
0.45854
0.41723
0.33443
0.39020
0.40037
0.36881
0.38878
0.36946
0.41348
0.45002
0.39588
0.37839
0.44788
0.36995
0.36917
0.32180
0.38068
0.44256
0.39611
0.39756
0.34933
0.31160
0.34196
0.32831
0.41345
0.38491
0.35412
0.37767
0.35649
0.42770
0.42943
0.37497
0.38067
0.37185
0.36176
0.31929
0.28317
0.40340
0.36809
0.41565
0.38387
0.40639
0.37403
0.36539
0.46251
0.41043
0.40116
0.39954
0.36825
0.35946
0.42066
0.33460
0.38587
0.31499
0.34255
0.30695
0.39409
0.42690
0.45724
0.36277
0.37055
0.49047
0.42818
0.44519
0.38825
0.40589
0.36139
0.44426
0.39157
0.38674
0.37471
0.41866
0.36480
0.39727
0.37262
0.37500
0.39443
0.40257
0.43586
0.44306
0.41691
0.43289
0.37339
0.40963
0.40860
0.43832
0.36692
0.54048
0.46102
0.44402
0.36838
0.43096
0.39849
0.39981
0.40541
0.38067
0.34937
0.40527
0.39252
0.39565
0.46942
0.43117
0.44945
0.41838
0.43537
0.41007
0.42911
0.47802
0.43918
0.38670
0.37341
0.39644
0.42918
0.41083
0.38295
0.41382
0.36922
0.43095
0.40910
0.37307
0.39364
0.37773
0.37257
0.40916
0.38927
0.42976
0.36331
0.42669
0.34971
0.31811
0.32461
0.34663
0.36319
0.43140
0.41270
0.44875
0.40259
0.38321
0.39156
0.37952
0.38561
0.30965
0.35184
0.32803
0.40722
0.45332
0.33594
0.36894
0.48067
0.36771
0.37080
0.35914
0.35974
0.38616
0.34575
0.34850
0.36333
0.34447
0.35976
0.34887
0.32658
0.31742
0.36485
0.36791
0.35365
0.37151
0.40033
0.33796
0.38295
0.37185
0.32276
0.29545
0.36453
0.34878
0.35733
0.32003
0.33713
0.34032
0.33465
0.40676
0.40263
0.34985
0.38985
0.34100
0.38084
0.41353
0.32102
0.33956
0.32987
0.31719
0.39008
0.33091
0.33533
0.36516
0.39429
0.35516
0.31242
0.36465
0.31063
0.37810
0.47050
0.38535
0.35361
0.42636
0.35277
0.34616
0.43675
0.42888
0.39195
0.31803
0.38709
0.37439
0.35200
0.35347
0.32057
0.37760
0.44031
0.41397
0.35138
0.35166
0.34111
0.37897
0.35552
0.30516
0.33876
0.35892
0.39424
0.34614
0.35556
0.38374
0.37847
0.43451
0.41295
0.34512
0.35931
0.37936
0.39144
0.35278
0.33496
0.36811
0.33624
0.42342
0.31381
0.34510
0.31609
0.36200
0.36733
0.35218
0.38874
0.36586
0.33620
0.40925
0.37015
0.34602
0.34427
0.37993
0.38830
0.35839
0.42563
0.45283
0.39970
0.41100
0.34013
0.38900
0.35418
0.32543
0.40942
0.30366
0.31498
0.36333
0.31756
0.30308
0.30742
0.31270
0.35374
0.36001
0.32798
0.33665
0.38594
0.30729
0.39091
0.38850
0.37376
0.37150
0.32342
0.32446
0.30437
0.36728
0.36740
0.47189
0.39077
0.39055
0.34458
0.38415
0.37087
0.38867
0.36407
0.30332
0.36677
0.35803
0.33772
0.31393
0.36973
0.31789
0.38283
0.34190
0.36326
0.35113
0.37359
0.41116
0.28498
0.35386
0.36053
0.27466
0.30548
0.37549
0.33896
0.30731
0.29480
0.35132
0.35608
0.29408
0.36253
0.33060
0.33765
0.34393
0.34012
0.31965
0.39522
0.37948
0.40237
0.40408
0.45630
0.40243
0.33529
0.43052
0.39479
0.40643
0.39953
0.38056
0.34179
0.40735
0.33814
0.33443
0.34193
0.36806
0.37075
0.41370
0.31341
0.37754
0.32433
0.35863
0.31664
0.35407
0.37696
0.33498
0.29271
0.34337
0.31771
0.33252
0.32373
0.33738
0.31159
0.40080
0.30635
0.28038
0.32169
0.34743
0.33816
0.35753
0.41657
0.43390
0.33199
0.31402
0.35584
0.34232
0.38833
0.29699
0.37239
0.30627
0.35027
0.34761
0.28835
0.33681
0.32683
0.34241
0.37978
0.33759
0.33922
0.34010
0.34972
0.40647
0.40309
0.36586
0.33204
0.35903
0.39859
0.34423
0.41884
0.41265
0.32606
0.38489
0.39524
0.39111
0.37334
0.39404
0.36575
0.35855
0.38423
0.31300
0.40906
0.30199
0.30133
0.33458
0.32344
0.32391
0.32336
0.34611
0.35736
0.36135
0.32195
0.32423
0.28621
0.37230
0.35624
0.29963
0.34753
0.31884
0.31208
0.35138
0.32060
0.30261
0.33986
0.31967
0.34614
0.30669
0.32699
0.32681
0.30859
0.26454
0.35816
0.32462
0.45390
0.36667
0.36967
0.34077
0.31852
0.34563
0.32898
0.31472
0.35564
0.39582
0.28808
0.34718
0.36429
0.45951
0.29455
0.37231
0.30131
0.36096
0.31467
0.33653
0.31927
0.31641
0.35417
0.32365
0.35050
0.34690
0.31305
0.29838
0.30727
0.27475
0.27092
0.30974
0.34954
0.39468
0.32469
0.29121
0.32525
0.33023
0.31379
0.32841
0.35627
0.31344
0.34813
0.28383
0.31579
0.27488
0.35316
0.27231
0.32854
0.28136
0.31478
0.27132
0.31086
0.31877
0.28056
0.31752
0.28710
0.28424
0.26366
0.29730
0.27344
0.30885
0.31919
0.26850
0.28746
0.28390
0.28229
0.27767
0.26126
0.31275
0.25457
0.28773
0.25053
0.27407
0.34282
0.28253
0.29869
0.30299
0.30784
0.28581
0.28497
0.28281
0.27235
0.29031
0.30939
0.29039
0.27456
0.29982
0.25390
0.31719
0.25510
0.26798
0.26489
0.29372
0.31895
0.27981
0.32435
0.40312
0.33060
0.29639
0.33448
0.27981
0.26029
0.24406
0.32828
0.28148
0.30229
0.25081
0.25041
0.30418
0.33933
0.31306
0.29651
0.33656
0.32139
0.32011
0.26553
0.31518
0.25141
0.39059
0.30808
0.32418
0.34915
0.34194
0.28098
0.34363
0.33357
0.29452
0.34932
0.26354
0.32469
0.28881
0.33778
0.30281
0.28802
0.29739
0.27883
0.24784
0.28409
0.28006
0.28543
0.24506
0.24506
0.22752
0.34543
0.28210
0.28809
0.31770
0.27795
0.27424
0.28779
0.28766
0.28956
0.32772
0.31593
0.34635
0.28272
0.30183
0.26928
0.30269
0.30089
0.26527
0.29386
0.26500
0.25724
0.30561
0.31347
0.27211
0.28978
0.32898
0.31428
0.30967
0.29969
0.27836
0.29991
0.32000
0.27718
0.28304
0.28893
0.25583
0.33645
0.35750
0.33504
0.30411
0.31330
0.30703
0.29355
0.28127
0.29949
0.29759
0.38024
0.31849
0.32872
0.29702
0.31950
0.30264
0.33270
0.35080
0.29649
0.35792
0.29846
0.33249
0.29706
0.31336
0.29159
0.26249
0.29700
0.25987
0.33587
0.30677
0.31311
0.37282
0.28124
0.36240
0.39038
0.31679
0.30868
0.30766
0.33074
0.27265
0.28125
0.32668
0.33967
0.35098
0.33573
0.30939
0.27896
0.29672
0.29923
0.26506
0.31753
0.32562
0.27153
0.29646
0.28428
0.29508
0.27133
0.26082
0.29397
0.30659
0.29848
0.29116
0.27534
0.27366
0.26288
0.32754
0.27376
0.30265
0.26373
0.33365
0.33037
0.24278
0.27503
0.31897
0.28935
0.32067
0.29205
0.23728
0.29023
0.28833
0.25412
0.27243
0.28309
0.26930
0.30293
0.30911
0.30804
0.27324
0.26667
0.29839
0.32263
0.30153
0.29818
0.27942
0.26680
0.26676
0.25709
0.27991
0.32861
0.28277
0.27652
0.25520
0.33677
0.29568
0.28076
0.29429
0.24936
0.26439
0.27666
0.31804
0.28806
0.30157
0.28729
0.33357
0.26801
0.31829
0.32044
0.28450
0.27760
0.28621
0.30234
0.34340
0.30722
0.27970
0.27017
0.30609
0.30896
0.29097
0.26001
0.26919
0.26709
0.28008
0.26876
0.29342
0.29712
0.28105
0.26196
0.25272
0.29867
0.29719
0.32663
0.29879
0.26445
0.31738
0.27050
0.27096
0.26306
0.30140
0.27488
0.30219
0.28916
0.27468
0.24099
0.26224
0.27249
0.26306
0.27938
0.29750
0.27526
0.27095
0.31439
0.29990
0.29282
0.28623
0.29323
0.25507
0.29354
0.26114
0.26766
0.27066
0.23839
0.25672
0.27158
0.30798
0.30705
0.29150
0.29907
0.32447
0.25529
0.29004
0.29426
0.27647
0.31463
0.24816
0.29323
0.25919
0.31567
0.27827
0.24907
0.30712
0.27477
0.25790
0.25709
0.23501
0.28373
0.30028
0.29241
0.29219
0.27115
0.28514
0.25598
0.29557
0.25959
0.24609
0.25781
0.26024
0.22963
0.28552
0.28101
0.26074
0.27258
0.27876
0.26982
0.29738
0.26169
0.27731
0.24813
0.26161
0.29190
0.27998
0.32512
0.29534
0.27160
0.25737
0.22320
0.29414
0.24512
0.28596
0.29733
0.30274
0.28008
0.27408
0.32641
0.27007
0.27208
0.28722
0.29782
0.28035
0.28000
0.23349
0.22383
0.25689
0.32334
0.27247
0.30129
0.28975
0.24668
0.24431
0.29629
0.23682
0.25415
0.27510
0.25729
0.24750
0.33875
0.26396
0.30456
0.28101
0.27441
0.30146
0.24776
0.23022
0.27745
0.23944
0.24575
0.25773
0.26342
0.31691
0.24070
0.26852
0.29805
0.29484
