1.97581
1.68623
1.67336
1.55337
1.52509
1.49096
1.42708
1.52519
1.42609
1.44093
1.27437
1.34581
1.44991
1.31521
1.29864
1.30559
1.34399
1.22267
1.26407
1.29042
1.26754
1.20828
1.25599
1.14632
1.20392
1.13514
1.20725
1.03351
0.99118
0.97369
0.96520
0.94675
0.91857
0.93973
0.94643
1.05710
0.97020
1.00991
0.97779
0.96753
0.94175
0.95266
0.96401
0.84274
0.84559
0.87528
0.92785
0.88162
0.86678
0.94059
0.83734
0.84986
0.85341
0.86819
0.84169
0.82252
0.77482
0.90270
0.91391
0.89182
1.00768
0.90014
0.83134
0.89976
0.86285
0.84904
0.87917
0.82743
0.78594
0.75076
0.78376
0.78093
0.80296
0.77702
0.77803
0.74429
0.77904
0.83397
0.78464
0.86571
0.80596
0.79801
0.72975
0.67526
0.68523
0.82582
0.76722
0.71604
0.62936
0.64596
0.68905
0.61723
0.68693
0.70757
0.70949
0.72363
0.80319
0.80954
0.62167
0.72206
0.78009
0.78541
0.83632
0.73751
0.72094
0.66430
0.67313
0.69571
0.63650
0.63413
0.69712
0.71080
0.70834
0.70077
0.78957
0.63197
0.68802
0.62294
0.65601
0.67603
0.79472
0.72314
0.78683
0.69715
0.62225
0.72097
0.70611
0.81873
0.64172
0.64042
0.65127
0.62277
0.61835
0.69213
0.67327
0.60643
0.55248
0.55551
0.56762
0.64572
0.70866
0.64285
0.92276
0.78667
0.84020
0.77160
0.82995
0.73559
0.77400
0.76475
0.78299
0.78167
0.71035
0.60797
0.72920
0.70571
0.76299
0.62786
0.71183
0.73761
0.70141
0.78834
0.61560
0.68072
0.64253
0.68061
0.61315
0.67118
0.62506
0.63420
0.69103
0.63404
0.84231
0.75645
0.78572
0.92069
0.76396
0.80569
0.85931
0.93076
0.86470
0.85171
0.86345
0.74291
0.78462
0.86397
0.78230
0.76645
0.75936
0.67244
0.72674
0.75792
0.80378
0.77133
0.69172
0.74689
0.73378
0.78704
0.69435
0.69311
0.69622
0.62495
0.74930
0.77067
0.64685
0.64009
0.65415
0.71874
0.62082
0.71441
0.74483
0.70755
0.63247
0.64411
0.65815
0.66564
0.64120
0.71567
0.65543
0.59850
0.60539
0.59131
0.58646
0.58309
0.68078
0.68156
0.65144
0.61223
0.65714
0.61037
0.58789
0.62588
0.60477
0.60954
0.61163
0.65078
0.55866
0.56722
0.58735
0.57217
0.59371
0.54103
0.55331
0.68372
0.55406
0.58054
0.61259
0.55086
0.57081
0.53315
0.54564
0.63567
0.50834
0.55488
0.61801
0.52885
0.51898
0.56372
0.54407
0.57106
0.56177
0.54186
0.55904
0.55755
0.59426
0.58921
0.54989
0.54679
0.51396
0.51170
0.53831
0.54361
0.54057
0.55604
0.51137
0.57375
0.56128
0.52570
0.52009
0.54769
0.52013
0.46118
0.54564
0.50996
0.54948
0.50506
0.53519
0.50503
0.56969
0.52620
0.51875
0.53238
0.51821
0.48628
0.51968
0.53579
0.55185
0.54290
0.50470
0.51513
0.53253
0.47940
0.49067
0.47680
0.52232
0.48067
0.49182
0.48922
0.50221
0.49058
0.50366
0.50421
0.47914
0.48504
0.51447
0.49427
0.47774
0.48535
0.47361
0.46381
0.49534
0.50453
0.50954
0.47482
0.51115
0.46153
0.47602
0.43944
0.46950
0.47333
0.48859
0.47010
0.44584
0.48005
0.47493
0.47047
0.45321
0.40890
0.47825
0.49875
0.48480
0.49716
0.49145
0.44157
0.55594
0.48100
0.49218
0.42433
0.45626
0.48577
0.45873
0.46395
0.45087
0.43283
0.44324
0.44320
0.46039
0.44509
0.44131
0.48412
0.45003
0.47411
0.48834
0.47567
0.47616
0.48479
0.45097
0.43344
0.41943
0.46299
0.50073
0.45738
0.49670
0.44787
0.45092
0.50893
0.49311
0.38360
0.50872
0.47284
0.43653
0.45781
0.49286
0.41317
0.47063
0.49277
0.46114
0.41048
0.44957
0.42750
0.51363
0.44016
0.50341
0.36934
0.53112
0.59429
0.62949
0.53650
0.48000
0.46602
0.47373
0.47240
0.54996
0.38358
0.40933
0.39650
0.45650
0.42300
0.44677
0.41780
0.43210
0.40911
0.42137
0.40405
0.40682
0.43924
0.39015
0.41728
0.44646
0.42365
0.42340
0.42385
0.43126
0.43772
0.44960
0.43979
0.46641
0.41341
0.41624
0.44034
0.39506
0.37616
0.43414
0.43156
0.40232
0.40656
0.39346
0.40528
0.46767
0.44194
0.39804
0.36380
0.45056
0.37737
0.39029
0.40102
0.39477
0.42052
0.42282
0.40814
0.36986
0.43301
0.42938
0.39074
0.35594
0.35817
0.39494
0.43146
0.36611
0.37402
0.36232
0.37144
0.39760
0.36971
0.39750
0.40237
0.38340
0.35278
0.42786
0.34576
0.34349
0.37332
0.37679
0.39456
0.38745
0.43692
0.37267
0.42021
0.37445
0.40796
0.40119
0.41175
0.43634
0.35071
0.46862
0.35763
0.43285
0.43045
0.40715
0.49207
0.43937
0.47582
0.38107
0.40822
0.38098
0.40802
0.38279
0.44152
0.40850
0.47843
0.43735
0.42235
0.46044
0.45537
0.43546
0.45316
0.40555
0.43090
0.42637
0.45815
0.43201
0.44470
0.47367
0.46095
0.40879
0.39470
0.47097
0.37931
0.42973
0.46392
0.43420
0.44219
0.38196
0.40238
0.44423
0.38305
0.41705
0.40924
0.47434
0.38262
0.46492
0.45051
0.43573
0.49466
0.42387
0.43854
0.39093
0.41782
0.39727
0.40063
0.39924
0.44295
0.37757
0.35882
0.43486
0.46081
0.39020
0.46797
0.45912
0.43033
0.45701
0.41444
0.45281
0.41274
0.44064
0.48222
0.46629
0.44274
0.40324
0.51760
0.44513
0.48845
0.45551
0.52411
0.63610
0.57710
0.51015
0.57300
0.52943
0.52085
0.52340
0.60261
0.44005
0.49389
0.45716
0.44256
0.44489
0.52806
0.45804
0.50936
0.48318
0.48276
0.40615
0.44678
0.49864
0.41825
0.43884
0.49510
0.46718
0.54230
0.49266
0.45155
0.50344
0.48237
0.46249
0.52542
0.33817
0.46755
0.59656
0.49213
0.46146
0.50030
0.44061
0.43608
0.45746
0.41530
0.43319
0.48258
0.45358
0.49816
0.47990
0.40592
0.54857
0.52680
0.42985
0.48316
0.48339
0.46825
0.51737
0.47688
0.51295
0.45324
0.43403
0.51620
0.51555
0.43348
0.43246
0.43197
0.44834
0.53040
0.45501
0.37828
0.36641
0.36041
0.48370
0.48902
0.43572
0.44714
0.48683
0.41442
0.49132
0.48181
0.45340
0.43453
0.47907
0.42827
0.37808
0.46125
0.46069
0.38826
0.36044
0.42399
0.40246
0.47172
0.47724
0.39234
0.38449
0.37263
0.45784
0.39534
0.44868
0.41413
0.43044
0.36791
0.46436
0.39997
0.40801
0.42451
0.34836
0.38106
0.43437
0.37690
0.31716
0.38811
0.50193
0.35733
0.40967
0.45952
0.36670
0.42966
0.46921
0.40307
0.40138
0.42068
0.32645
0.42341
0.38628
0.41010
0.37979
0.39455
0.35641
0.37537
0.37538
0.39223
0.42477
0.38641
0.34382
0.38971
0.37391
0.44901
0.40706
0.37976
0.40458
0.40647
0.39663
0.39770
0.42850
0.39686
0.39054
0.45793
0.38050
0.36525
0.42411
0.44943
0.42797
0.41225
0.43275
0.50135
0.41820
0.38730
0.36578
0.32976
0.39473
0.37312
0.42887
0.31232
0.40043
0.36054
0.34174
0.37991
0.39889
0.40380
0.41106
0.38716
0.36149
0.34431
0.37126
0.32767
0.34146
0.39916
0.36790
0.35707
0.42776
0.40566
0.37498
0.28279
0.35764
0.33348
0.33984
0.37159
0.33630
0.36228
0.35047
0.38874
0.32654
0.38666
0.36829
0.37697
0.38012
0.43092
0.35558
0.37654
0.36472
0.33063
0.35813
0.35577
0.34159
0.42905
0.41046
0.43097
0.43080
0.40344
0.40416
0.39695
0.44367
0.43432
0.45879
0.44216
0.44607
0.45207
0.45863
0.39788
0.55365
0.42887
0.42367
0.47928
0.50356
0.43760
0.39401
0.44093
0.42174
0.44693
0.40349
0.40436
0.39613
0.46740
0.37060
0.42637
0.47937
0.49137
0.45322
0.47068
0.34691
0.37843
0.36344
0.37408
0.36574
0.37459
0.41128
0.41612
0.36535
0.38908
0.34738
0.42737
0.38624
0.38715
0.41233
0.38268
0.36543
0.36500
0.38053
0.42086
0.39986
0.37697
0.51614
0.41105
0.44566
0.39905
0.40845
0.41338
0.37766
0.44351
0.40838
0.38606
0.44144
0.41138
0.39570
0.41498
0.40521
0.49313
0.45864
0.42331
0.42567
0.44387
0.47400
0.41690
0.41965
0.45704
0.49370
0.43971
0.47948
0.39773
0.47363
0.39988
0.44152
0.39698
0.44535
0.43930
0.41077
0.47381
0.40379
0.41459
0.43065
0.43344
0.49494
0.44982
0.43008
0.41557
0.42981
0.42141
0.42990
0.41151
0.38209
0.36851
0.41832
0.39365
0.41921
0.39497
0.39037
0.40803
0.42786
0.41392
0.39303
0.41435
0.43383
0.40136
0.35299
0.39486
0.40651
0.36475
0.41127
0.39640
0.35046
0.39327
0.40050
0.43026
0.45492
0.43877
0.41098
0.50260
0.46102
0.44481
0.43264
0.45142
0.36806
0.37977
0.36849
0.42151
0.37963
0.39935
0.44857
0.32638
0.34297
0.40227
0.38736
0.44489
0.41907
0.42525
0.39649
0.41743
0.40615
0.40236
0.36280
0.33945
0.37683
0.41930
0.38343
0.39012
0.37048
0.31257
0.37639
0.34296
0.36412
0.35914
0.33685
0.39754
0.35114
0.39862
0.40454
0.41964
0.42906
0.38513
0.37283
0.33182
0.35761
0.40210
0.37512
0.38535
0.38586
0.37014
0.37565
0.38981
0.42848
0.49598
0.37685
0.41439
0.37790
0.34893
0.35667
0.39046
0.33061
0.35780
0.29494
0.31068
0.37260
0.36374
0.34653
0.42135
0.35146
0.34338
0.34264
0.32331
0.36381
0.34911
0.34648
0.35327
0.37070
0.34777
0.35795
0.33589
0.31539
0.33350
0.38584
0.29980
0.32139
0.33699
0.37700
0.40928
0.33659
0.33972
0.31032
0.33722
0.32944
0.36551
0.32853
0.31038
0.33107
0.31304
0.33024
0.31785
0.38331
0.36261
0.32199
0.33908
0.32504
0.36436
0.31834
0.33953
0.30460
0.32961
0.30969
0.36070
0.31686
0.32350
0.34709
0.31794
0.32879
0.34508
0.34008
0.36533
0.36752
0.32247
0.35292
0.30199
0.29690
0.34534
0.29759
0.35649
0.34572
0.35610
0.33300
0.32646
0.35560
0.32156
0.34871
0.32707
0.30623
0.33036
0.37384
0.30452
0.35141
0.30918
0.31882
0.31147
0.34643
0.29284
0.30971
0.29842
0.31851
0.33068
0.30695
0.35752
0.32122
0.30110
0.29743
0.34509
0.34588
0.33572
0.32690
0.32177
0.32642
0.31309
0.31196
0.36333
0.30872
0.31765
0.32961
0.32373
0.31242
0.33908
0.31298
0.32667
0.36564
0.33956
0.32306
0.35688
0.33262
0.30857
0.28040
0.31142
0.33295
0.30694
0.28115
0.30854
0.31135
0.28234
0.29270
0.31751
0.32719
0.29133
0.30362
0.30293
0.28636
0.31658
0.31707
0.32466
0.27871
0.31847
0.29190
0.29428
0.29865
0.32185
0.28979
0.30657
0.28792
0.32286
0.33210
0.30095
0.29370
0.31562
0.34096
0.32923
0.31218
0.27708
0.31396
0.30872
0.28788
0.27783
0.33686
0.32833
0.31500
0.30939
0.28868
0.31005
0.35743
0.27686
0.28629
0.29484
0.29461
0.28325
0.31961
0.33812
0.30639
0.29566
0.28490
0.32602
0.30894
0.32785
0.29968
0.35384
0.29741
0.29861
0.32900
0.30136
0.35556
0.35569
0.34820
0.35551
0.29601
0.34643
0.34768
0.32717
0.37644
0.39693
0.36011
0.36966
0.33308
0.32930
0.37369
0.34431
0.30396
0.30305
0.34135
0.31753
0.33327
0.32037
0.36083
0.31827
0.31729
0.35275
0.32946
0.32455
0.35032
0.31285
0.30175
0.29914
0.35690
0.29139
0.28154
0.30728
0.32167
0.29680
0.33126
0.29423
0.33343
0.32615
0.31555
0.29297
0.30428
0.31308
0.30546
0.33512
0.34666
0.30124
0.30325
0.31662
0.31633
0.27709
0.33162
0.26567
0.34869
0.28799
0.31486
0.28545
0.32805
0.26897
0.31744
0.27346
0.33659
0.32900
0.30935
0.26590
0.31634
0.30807
0.31470
0.32241
0.32025
0.29585
0.30313
0.29439
0.30469
0.30729
0.33278
0.31481
0.26798
0.26402
0.30073
0.29568
0.29058
0.29460
0.28243
0.29062
0.30298
0.27052
0.27261
0.29350
0.28276
0.29384
0.28395
0.30253
0.26495
0.32337
0.28212
0.29675
0.29610
0.25770
0.30626
0.28405
0.33058
0.31406
0.32072
0.30296
0.34263
0.28472
0.30224
0.32026
0.30621
0.30970
0.27192
0.28547
0.30519
0.35922
0.34473
0.30098
0.31490
0.31178
0.29763
0.29687
0.28534
0.30879
0.30178
0.28019
0.28271
0.27701
0.27097
0.32514
0.29154
0.31319
0.32223
0.27091
0.28702
0.35305
0.29309
0.30083
0.31043
0.29754
0.28560
0.33531
0.33057
0.28604
0.32137
0.33044
0.31325
0.27343
0.32702
0.34837
0.34627
0.26473
0.27186
0.27709
0.30928
0.28659
0.28857
0.30056
0.34060
0.32171
0.30793
0.32971
0.32873
0.31845
0.34427
0.31359
0.32539
0.29049
0.27848
0.30115
0.30187
0.33341
0.29373
0.31371
0.31399
0.33421
0.32323
0.29838
0.31726
0.31844
0.30981
0.32146
0.32022
0.34164
0.34572
0.33128
0.32217
0.30779
0.29816
0.28005
0.30378
0.27209
0.30383
0.28037
0.33492
0.33216
0.31090
0.30589
0.26354
0.24539
0.29191
0.31000
0.31642
0.25705
0.29099
0.29946
0.28676
0.32809
0.27915
0.31066
0.29513
0.30705
0.29453
0.31741
0.30714
0.34124
0.29459
0.30057
0.30010
0.30393
0.29187
0.30856
0.25566
0.30208
0.26731
0.29084
0.30873
0.32721
0.29669
0.30669
0.33164
0.31690
0.29349
0.32126
0.27551
0.26206
0.28829
0.29329
0.27485
0.32622
0.28849
0.30974
0.30542
0.30852
0.28788
0.29012
0.28133
0.28591
0.26962
0.32944
0.26720
0.29404
0.28329
0.23483
0.28032
0.29524
0.28846
0.28841
0.26535
0.27519
0.31683
0.27280
0.30326
0.33120
0.29228
0.28541
0.29913
0.31839
0.27112
0.30091
0.29831
0.30853
0.31121
0.29844
0.28308
0.30675
0.32452
0.28424
0.27655
0.27816
0.29070
0.28574
0.28420
0.23737
0.28199
0.31014
0.27376
0.26942
0.27546
0.27759
0.30653
0.32925
0.29273
0.26586
0.26267
0.26616
0.29763
0.24899
0.27901
0.29135
0.27974
0.29241
0.25597
0.31185
0.29540
0.29048
0.30493
0.31570
0.27968
0.27677
0.33142
0.30130
0.31997
0.33267
0.31201
0.28309
0.35581
0.32929
0.29548
0.27086
0.25994
0.27639
0.25054
0.27251
0.31742
0.27657
0.30718
0.25916
0.26841
0.25397
0.29928
0.26383
0.26286
0.25506
0.25593
0.28336
0.23886
0.25485
0.26560
0.25602
0.25689
0.25018
0.29104
0.28308
0.30467
0.26102
0.27007
0.23674
0.31330
0.27634
0.25995
0.26709
0.26288
0.24924
0.28579
0.26997
0.28433
0.27751
0.26841
0.26706
0.29346
0.30585
0.22829
0.28914
0.28768
0.27664
0.28479
0.24951
0.27199
0.25944
0.26050
0.24251
0.23483
0.23101
0.25954
0.24791
0.25529
0.31931
0.27562
0.26125
0.26374
0.26561
0.26153
0.30704
0.25880
0.24853
0.25188
0.25588
0.28476
0.27096
0.26464
0.30184
0.26940
0.26309
0.29700
0.33159
0.27856
0.25065
0.31383
0.28151
0.28008
0.27055
0.25298
0.28200
0.32069
0.27198
0.26909
0.29326
0.30443
0.24379
0.26832
0.26141
0.25670
0.29067
0.23234
0.26612
0.27165
0.27591
0.26715
0.29124
0.23139
0.28455
0.26324
0.25071
0.27317
0.27356
0.27377
0.24982
0.27748
0.22442
0.24106
0.25531
0.28934
0.24329
0.23511
0.26191
0.30369
0.29041
0.28051
0.26280
0.28788
0.29004
0.26096
0.30790
0.25061
0.28169
0.28559
0.27273
0.27283
0.25793
0.26563
0.31471
0.25957
0.31135
0.24471
0.25475
0.25954
0.26905
0.26685
0.24564
0.28387
0.29617
0.25498
0.28014
0.23644
0.27305
0.28632
0.27130
0.29269
0.30663
0.27939
0.29092
0.23574
0.28858
0.28600
0.27005
0.26141
0.25053
0.25889
0.25641
0.31140
0.25358
0.27415
0.27724
0.26072
0.27133
0.26680
0.30155
0.26234
0.28654
0.23882
0.26147
0.24871
0.24383
0.24013
0.25743
0.27494
0.24521
0.23974
0.29856
0.22770
0.24387
0.26650
0.27856
0.24493
0.25264
0.26118
0.26883
0.23080
0.24697
0.26381
0.23071
0.27310
0.26151
0.28231
0.29131
0.21917
0.25913
0.27360
0.23810
0.21974
0.24391
0.25417
0.21036
0.26882
0.25381
0.23521
0.27266
0.26338
0.25777
0.22281
0.24819
0.23528
0.27479
0.21117
0.26878
0.26866
0.25371
0.27895
0.23783
0.26262
0.26461
0.25663
0.25749
0.26156
0.26336
0.26015
0.24393
0.25989
0.28477
0.22304
0.28990
0.26200
0.23565
0.27443
0.22820
0.25131
0.24595
0.28146
0.19587
0.23744
0.22924
0.22291
0.31017
0.27356
0.24952
0.28217
0.25805
0.29907
0.24015
0.22947
0.23265
0.26944
0.27027
0.23150
0.25696
0.28045
0.24541
0.25711
0.23869
0.25020
0.25510
0.23220
0.24505
0.23863
0.26241
0.23749
0.27126
0.23181
0.23838
0.26188
0.24636
0.23809
0.24892
0.23894
0.24127
0.27193
0.24880
0.23618
0.24035
0.24778
0.27069
0.23394
0.24501
0.27314
0.23929
0.23614
0.22414
0.26223
0.23814
0.24797
0.23428
0.23396
0.24601
0.25622
0.28694
0.25538
0.26177
0.25208
0.22974
0.23552
0.26643
0.28550
0.20821
0.21552
0.24261
0.24438
0.25568
0.23521
0.22741
0.26835
0.23611
0.24748
0.26412
0.25378
0.25084
0.28582
0.21926
0.25112
0.21142
0.22664
0.25212
0.26061
0.25620
0.26474
0.21016
0.23459
0.25497
0.24585
0.23814
0.24756
0.25203
0.26742
0.22694
0.24479
0.25542
0.25858
0.25672
0.22176
0.25810
0.22930
0.23480
0.23178
0.25816
0.23582
0.24320
0.22927
0.23147
0.22045
0.25914
0.24271
0.27004
0.23724
0.22741
0.21748
0.24696
0.23656
0.24567
0.25889
0.26488
0.25462
0.23974
0.26750
0.22803
0.22412
0.23184
0.25149
0.22897
0.22003
0.22756
0.25036
0.27156
0.26260
0.23193
0.22489
0.25971
0.24782
0.23750
0.25722
0.21520
0.23030
0.22582
0.24324
0.21712
0.24468
0.26398
0.24964
0.20637
0.23166
0.24109
0.25639
0.24921
0.22405
0.24710
0.25202
0.24249
0.24312
0.23972
0.24827
0.25350
0.26527
0.21374
0.24545
0.26965
0.25703
0.23249
0.24448
0.26128
0.21876
0.23250
0.22757
0.23550
0.24415
0.20704
0.22320
0.23519
0.24543
0.25106
0.24607
0.21123
0.21548
0.21548
0.23467
0.26174
0.26043
0.24163
0.24126
0.21442
0.24054
0.24925
0.22872
0.22888
0.23501
0.23743
0.23397
0.27587
0.26020
0.27217
0.23855
0.22598
0.24225
0.23681
0.26020
0.24777
0.23194
0.31410
0.24910
0.23782
0.26164
0.28105
0.24631
0.24235
0.23803
0.22587
0.27505
0.23931
0.23245
0.26968
0.32011
0.26506
0.27808
0.26614
0.24676
0.24894
0.26703
0.25262
0.24184
0.24839
0.24300
0.25978
0.33816
0.28460
0.30469
0.28241
0.32873
0.26795
0.30936
0.31700
0.32896
0.34054
0.34919
0.26474
0.26189
0.29226
0.30718
0.25469
0.26475
0.28438
0.22159
0.26895
0.23953
0.24834
0.29417
0.26724
0.28938
0.24126
0.26349
0.22909
0.32950
0.30545
0.27351
0.25912
0.30113
0.24661
0.28131
0.23193
0.30710
0.23381
0.31527
0.24915
0.27257
0.29008
0.31031
0.22916
0.23134
0.22819
0.28144
0.25112
0.26221
0.25056
0.23677
0.28047
0.26517
0.22627
0.28612
0.28193
0.29430
0.26850
0.30748
0.23426
0.24903
0.24339
0.24539
0.22602
0.25606
0.23184
0.28912
0.23645
0.24208
0.27298
0.27269
0.30703
0.24279
0.26005
0.22476
0.24956
0.23725
0.23067
0.25237
0.26809
0.23884
0.24321
0.22494
0.25235
0.23678
0.27440
0.24859
0.23731
0.23711
0.25705
0.28996
0.27455
0.27314
0.23977
0.26257
0.27276
0.25358
0.25652
0.24067
0.27605
0.30889
0.26672
0.21933
0.31425
0.24467
0.23603
0.25273
0.24488
0.27519
0.27022
0.27266
0.22620
0.25372
0.26607
0.27317
0.29911
0.27145
0.25819
0.25548
0.31186
0.27849
0.24050
0.31934
0.25374
0.27500
0.27915
0.26813
0.23475
0.26869
0.27299
0.30449
0.22394
0.31251
0.25244
0.24270
0.20744
0.33839
0.24238
0.24581
0.26022
0.25536
0.27291
0.28955
0.28573
0.28978
0.25660
0.26690
0.20237
0.25645
0.25563
0.24844
0.24730
0.26608
0.23525
0.29873
0.26033
0.27035
0.27229
0.26140
0.26896
0.24311
0.26137
0.23945
0.24006
0.23348
0.27785
0.26919
0.26653
0.26688
0.24705
0.24333
0.27883
0.24379
0.27133
0.25477
0.24134
0.29389
0.25938
0.25213
0.23295
0.24727
0.23721
0.24697
0.27498
0.22514
0.22002
0.26242
0.27684
0.26996
0.27295
0.24120
0.29172
0.26317
0.27891
0.22171
0.23941
0.24195
0.24646
0.25419
0.23156
0.28953
0.27653
0.25321
0.28003
0.25344
0.22628
0.23137
0.25005
0.28462
0.22728
0.24872
0.22728
0.28349
0.25361
0.24547
0.26269
0.23160
0.23320
0.25443
0.28002
0.25445
0.26407
0.23083
0.27929
0.23944
0.23139
0.22308
0.24165
0.25176
0.22085
0.22207
0.23460
0.23948
0.23232
0.21957
0.22248
0.22502
0.25883
0.22898
0.27329
0.24253
0.27999
0.27772
0.24244
0.26383
0.25801
0.23547
0.25448
0.27537
0.23990
0.31835
0.33938
0.25504
0.40006
0.29809
0.26417
0.30354
0.34847
0.29165
0.30445
0.30387
0.27652
0.30321
0.32843
0.30479
0.24639
0.27295
0.26884
0.29822
0.30781
0.29270
0.24503
0.23397
0.27200
0.31658
0.29992
0.26424
0.25726
0.20954
0.26133
0.26933
0.29005
0.22740
0.24353
0.24227
0.30462
0.24251
0.24757
0.28167
0.25285
0.31231
0.33236
0.28999
0.28156
0.30779
0.27608
0.37507
0.32492
0.31164
0.27395
0.30722
0.27735
0.29883
0.25925
0.24192
0.27055
0.28173
0.27349
0.25508
0.22888
0.27041
0.31994
0.26475
0.32211
0.26580
0.25471
0.28544
0.24940
0.29247
0.26959
0.30328
0.32057
0.25881
0.30044
0.30573
0.31105
0.28901
0.30003
0.26237
0.26195
0.24736
0.27092
0.29685
0.25400
0.28248
0.28492
0.26922
0.24629
0.26909
0.27611
0.26760
0.29760
0.29634
0.30448
0.24642
0.25968
0.34096
0.33389
0.30060
0.25625
0.27500
0.28210
0.31548
0.26163
0.28279
0.28595
0.27977
0.28507
0.29116
0.25543
0.31512
0.28640
0.29246
0.26917
0.29210
0.30612
0.30181
0.33328
0.25898
0.29636
0.25820
0.26625
0.26288
0.29892
0.30151
0.29969
0.25843
0.28033
0.30124
0.26504
0.34394
0.27911
0.29930
0.26334
0.25754
0.26499
0.27071
0.30971
0.25173
0.27405
0.26248
0.26062
0.25006
0.29958
0.23461
0.25982
0.21883
0.24339
0.23584
0.20411
0.26961
0.22524
0.25902
0.23778
0.24551
0.25548
0.26115
0.20141
0.28296
0.22527
0.25328
0.27965
0.25959
0.26303
0.25223
0.24152
0.27749
0.25588
0.25802
0.23105
0.24456
0.25514
0.23222
0.20356
0.21043
0.26667
0.21954
0.26713
0.23651
0.24889
0.26292
0.24969
0.25352
0.26332
0.26325
0.27779
0.26725
0.25663
0.25454
0.25083
0.26702
0.28364
0.25584
0.25964
0.26495
0.26869
0.26979
0.23486
0.27111
0.23653
0.25443
0.29748
0.29669
0.22947
0.26190
0.26965
0.25469
0.27240
0.28117
0.26899
0.26205
0.27208
0.26578
0.25704
0.25465
0.27123
0.29057
0.29300
0.27506
0.26919
0.27611
0.29748
0.31604
0.28031
0.27695
0.27255
0.25908
0.27475
0.25073
0.25872
0.28334
0.27959
0.25709
0.25841
0.25276
0.25833
0.25790
0.25652
0.27772
0.27369
0.23521
0.25779
0.23396
0.28409
0.27493
0.26020
0.25814
0.27149
0.23192
0.26431
0.25468
0.23568
0.26938
0.27459
0.26696
0.25445
0.26370
0.27590
0.30052
0.28782
0.24765
0.28018
0.23492
0.26137
0.27707
0.26637
0.24497
0.28647
0.27357
0.24860
0.26938
0.25866
0.26325
0.26116
0.26351
0.23832
0.25675
0.22967
0.22975
0.27597
0.23972
0.26070
0.24486
0.22815
0.26677
0.23148
0.25399
0.24742
0.23459
0.23927
0.23247
0.25932
0.25067
0.23375
0.27960
0.26931
0.25889
0.23915
0.29547
0.26936
0.25225
0.25087
0.27742
0.24387
0.24957
0.24104
0.24733
0.26502
0.26472
0.24349
0.28327
0.27338
0.26648
0.26325
0.24598
0.25440
0.26548
0.26228
0.23942
0.23010
0.23938
0.26504
0.24802
0.25055
0.26419
