1.343  
0.674  
0.405  
0.226  
0.118  
0.169
0.734
0.201
0.277
0.593  
0.774  
1.758  
1.954  
2.096  
2.506  
2.878  
4.418  
4.389  
4.711  
5.610  
6.076  
6.295  
8.059  
7.953  
8.513  
10.415 
11.025 
11.436 
11.801 
12.681 
15.649 
15.988 
16.287 
16.065 
18.504 
19.494 
22.653 
23.216 
22.936 
23.915 
24.545 
26.449 
26.880 
28.719 
31.320 
32.301 
37.245 
33.564 
34.863 
43.543 
120.474
54.988 
47.710 
48.456 
49.492 
50.141 
49.135 
51.943 
44.704 
54.664 
47.135 
48.376 
47.054 
55.976 
50.219 
50.107 
61.657 
52.209 
53.881 
51.212 
57.337 
49.954 
56.110 
56.981 
56.312 
54.092 
49.592 
55.760 
56.156 
56.813 
55.550 
57.402 
54.059 
63.546 
55.991 
55.878 
63.439 
54.695 
57.880 
60.991 
55.700 
61.524 
85.361 
62.710 
61.852 
66.844 
92.564 
64.595 
61.216 
63.400 
57.963 
57.531 
60.911 
60.968 
63.089 
69.003 
79.689 
94.189 
73.901 
74.279 
80.703 
75.661 
84.305 
100.766
88.610 
85.215 
119.054
94.400 
92.873 
98.953 
100.290
98.821 
95.530 
94.526 
118.883
109.593
104.649
106.602
94.855 
199.901
274.998
153.513
128.391
119.899
120.566
117.987
106.139
119.690
347.391
198.313
148.642
133.756
137.273
145.259
131.426
181.559
166.712
142.516
142.661
141.099
170.797
168.554
155.731
155.029
173.027
172.505
164.179
161.650
156.670
182.757
217.176
231.198
179.448
181.445
172.005
167.789
185.018
181.336
162.877
175.096
159.724
1273.26
1106.81
376.756
300.757
251.125
264.174
256.375
239.976
255.146
249.845
232.237
247.783
258.353
241.392
247.378
243.002
265.111
248.563
233.828
232.129
206.982
221.522
229.804
212.702
218.769
192.671
205.400
220.045
227.248
206.945
215.675
220.414
187.382
228.754
240.125
201.838
196.937
198.393
205.547
203.759
169.867
284.916
198.647
190.881
186.882
168.499
208.665
180.236
185.209
176.445
179.371
204.371
170.685
188.411
181.348
197.553
191.595
183.567
165.154
175.502
185.970
203.790
298.034
213.135
181.644
171.922
181.826
174.398
167.196
170.233
177.865
181.365
202.741
191.440
183.546
171.134
178.439
228.624
207.567
191.861
176.998
180.676
205.671
171.885
215.667
178.192
186.019
191.639
177.445
195.730
186.483
177.594
185.936
175.786
204.911
178.668
190.260
208.468
235.793
203.627
179.716
207.429
208.253
194.510
203.253
177.152
169.316
166.405
179.877
187.861
183.856
190.163
200.757
192.126
183.309
201.561
175.352
179.819
197.484
175.468
190.423
188.059
186.637
213.186
189.689
200.051
177.949
162.330
173.050
173.934
237.238
2257.51
708.850
376.651
338.816
357.023
331.201
260.869
259.347
285.944
269.657
273.560
287.866
265.199
260.075
283.092
262.694
256.447
273.101
260.728
248.469
266.096
250.273
242.890
252.448
252.265
236.704
258.213
241.177
204.280
252.531
231.193
219.895
232.456
242.961
204.461
240.230
208.779
234.915
221.336
229.409
223.253
256.090
232.110
233.271
240.913
255.142
270.964
227.843
235.344
237.405
214.104
254.040
234.330
216.213
228.350
278.369
233.028
229.700
222.733
245.282
226.422
240.780
235.825
237.351
262.107
221.458
234.626
243.622
261.236
304.476
274.982
244.836
242.411
232.052
256.525
234.409
266.475
248.845
235.155
240.749
270.827
300.633
238.646
220.518
240.036
253.687
259.740
267.821
255.124
271.480
272.429
274.997
248.621
263.340
297.031
279.247
281.501
266.930
286.252
270.143
301.956
289.828
340.424
336.260
288.646
315.516
270.325
294.765
296.153
366.772
326.601
307.443
311.250
301.648
323.970
327.638
315.943
278.469
282.524
319.276
313.035
318.853
322.957
319.787
279.461
295.801
268.084
295.395
295.009
271.391
246.070
242.215
484.771
395.420
294.868
295.889
250.075
263.286
292.232
278.561
268.786
248.886
263.012
282.600
258.161
251.839
233.493
239.549
298.673
298.481
270.050
242.455
271.065
254.327
237.551
259.014
249.961
205.611
252.707
251.044
250.502
264.579
279.886
281.576
279.252
296.558
328.784
276.942
304.571
290.200
278.436
288.138
284.365
309.915
313.064
313.737
304.810
296.307
291.484
319.241
283.267
286.095
325.361
298.038
322.313
353.739
356.129
333.497
1713.25
1498.66
709.889
528.360
491.898
462.594
486.684
506.132
442.210
424.513
479.194
430.223
470.428
444.607
500.703
454.098
470.573
472.297
480.005
457.551
506.876
454.372
532.657
483.044
470.994
447.051
455.554
439.440
423.893
454.098
458.241
441.717
420.793
469.601
460.126
465.810
402.927
548.005
412.584
371.606
448.139
382.232
430.426
438.728
413.476
421.347
431.249
413.991
396.606
404.887
374.910
359.980
369.407
369.052
383.488
376.853
386.771
444.586
353.536
417.703
378.745
381.700
407.616
363.047
396.006
398.189
390.400
418.859
362.534
440.261
400.101
342.105
351.078
358.565
424.229
466.945
416.897
360.947
376.507
435.465
393.871
417.246
414.128
396.624
399.184
388.801
375.589
401.123
341.875
355.284
336.624
376.653
360.598
344.792
336.866
407.483
411.469
384.036
376.318
349.981
329.311
361.172
353.684
362.139
358.149
341.947
342.395
343.771
326.457
337.800
332.933
365.017
343.997
340.018
355.299
332.762
333.866
325.739
321.294
369.600
376.460
327.416
334.056
314.933
344.732
347.363
320.429
349.268
321.076
373.321
331.712
361.260
324.220
373.708
412.363
362.066
356.932
339.971
347.378
340.728
304.704
398.903
362.308
348.220
329.073
301.476
307.395
305.507
312.812
297.334
302.644
275.673
307.763
280.371
284.258
288.058
318.052
297.142
332.319
281.203
314.946
299.262
297.516
274.903
357.961
294.596
320.496
290.376
310.730
283.479
291.676
289.309
311.233
340.544
286.874
291.670
312.775
337.434
290.462
305.140
297.677
303.010
319.339
320.672
326.571
280.974
314.061
284.114
302.033
280.440
297.190
277.155
310.693
291.449
309.892
296.966
319.803
320.679
307.705
307.585
404.297
349.476
338.163
339.967
303.690
346.439
349.859
339.237
342.107
355.715
348.405
355.462
329.976
344.372
334.245
311.298
309.877
314.514
273.171
310.570
291.811
292.623
297.643
279.418
299.114
315.166
311.152
291.853
281.023
285.297
272.331
303.311
306.897
291.154
295.223
324.160
326.031
302.419
289.477
347.081
312.196
346.887
322.552
291.953
328.111
387.268
337.267
301.478
299.957
343.738
333.089
329.982
352.110
293.426
305.200
330.756
282.569
346.881
329.605
301.741
295.678
291.197
310.276
309.228
317.720
347.769
330.330
312.710
313.365
318.536
407.913
340.875
299.373
324.294
292.794
323.315
336.206
286.971
321.388
332.310
348.457
314.626
353.029
339.907
368.880
387.304
362.482
377.334
341.937
390.377
402.436
344.411
350.978
398.605
381.191
392.339
358.605
369.250
395.819
403.185
350.262
369.959
380.175
415.044
420.848
384.994
401.107
353.265
400.319
394.678
374.443
410.537
381.805
372.313
359.980
340.592
376.546
402.903
372.228
342.183
396.588
379.863
365.367
365.464
379.330
342.794
483.046
379.834
354.609
339.060
320.184
363.516
341.105
358.412
334.233
336.532
292.115
337.605
413.570
303.823
295.140
316.583
305.810
327.833
316.423
328.804
374.891
443.776
311.645
309.319
300.755
308.688
292.795
268.616
298.417
263.271
274.885
229.392
289.117
301.257
285.749
337.154
295.126
319.010
275.500
319.976
313.640
306.253
318.262
299.049
295.236
301.131
323.356
315.533
321.275
330.203
323.985
326.297
327.536
304.419
314.100
298.262
315.509
337.422
307.917
288.041
281.516
280.468
299.472
275.750
271.892
298.280
280.790
249.164
243.870
281.899
287.534
270.398
263.199
236.259
320.257
300.856
288.633
272.503
269.613
271.902
257.146
282.962
280.128
294.244
270.949
309.117
304.113
331.170
283.393
291.318
310.802
300.416
290.348
310.902
298.644
290.744
260.756
260.507
295.039
285.529
272.905
281.488
297.477
265.141
247.596
279.732
285.194
268.418
260.570
263.460
285.494
260.282
273.736
302.800
276.110
283.344
256.422
255.452
261.911
254.091
243.358
266.625
265.194
293.699
280.273
260.907
244.003
270.621
264.333
324.044
265.824
277.480
301.371
296.236
277.514
265.360
252.486
261.572
273.083
264.961
247.241
260.108
256.024
299.854
224.413
244.337
251.864
227.585
252.310
280.943
283.612
236.839
257.977
261.577
254.130
244.233
290.193
293.491
243.762
253.715
242.559
251.149
227.775
258.214
254.582
236.557
247.354
242.968
324.646
331.150
260.480
254.002
260.664
225.706
236.548
251.112
251.295
251.763
263.664
238.032
232.681
251.283
301.424
271.615
260.050
265.984
250.013
246.244
241.945
243.780
239.063
265.761
240.380
267.033
238.890
265.022
235.980
272.025
295.535
255.967
255.146
259.586
285.194
311.214
1725.71
912.851
452.710
359.672
309.893
277.554
318.259
298.427
322.957
301.869
273.101
297.750
301.412
284.942
313.817
285.407
289.845
271.904
289.977
313.941
306.304
300.356
313.659
307.453
324.214
321.408
346.760
316.520
350.667
344.133
318.377
301.806
328.586
315.700
340.385
299.455
316.738
315.713
297.905
302.508
327.415
325.031
311.299
299.153
312.719
363.559
307.860
308.515
299.223
352.226
299.175
289.884
305.946
365.057
385.368
376.622
362.398
391.790
361.980
324.903
361.437
332.936
303.321
294.475
319.307
328.355
293.337
343.166
311.226
297.375
345.004
323.157
352.434
328.000
321.231
325.543
318.358
351.942
344.275
356.344
310.204
312.071
336.324
294.090
315.643
270.479
305.770
311.819
284.606
279.534
318.243
287.347
282.231
299.107
308.607
337.272
321.786
296.672
291.548
294.113
277.462
290.018
282.281
305.571
308.285
268.407
263.366
296.459
275.597
243.739
278.011
264.014
277.803
302.890
277.743
274.690
256.923
281.363
306.043
280.076
287.051
291.171
262.451
285.659
278.826
307.286
291.078
229.871
237.943
272.132
272.614
225.526
327.105
311.325
253.592
250.642
234.306
245.554
262.126
335.397
290.371
253.497
252.749
236.349
278.857
266.250
238.864
270.059
238.035
246.427
256.799
248.808
330.874
321.951
268.604
272.752
255.915
269.487
287.835
263.150
246.317
274.613
284.580
286.921
307.980
276.413
347.927
307.283
257.817
274.984
274.399
279.834
290.731
244.891
267.465
273.384
308.641
328.097
281.865
298.327
316.632
303.865
309.927
320.615
332.450
302.588
336.896
323.375
328.709
329.565
303.909
310.091
321.522
344.116
326.090
289.768
301.550
314.129
304.057
326.526
335.213
314.719
319.037
338.484
314.933
320.998
345.935
314.048
319.917
318.148
313.867
334.626
379.241
311.203
301.581
304.702
307.796
284.080
269.863
311.064
288.868
321.181
291.286
321.736
275.456
295.421
325.482
289.219
269.042
273.801
271.617
285.111
316.228
282.680
278.618
270.270
245.257
256.856
286.308
295.769
277.583
318.383
260.107
277.136
273.380
273.547
270.600
277.441
274.918
292.476
282.809
251.855
303.842
282.165
290.047
286.170
295.947
307.463
269.266
280.105
263.430
280.254
268.786
301.782
288.303
304.194
284.624
253.483
299.720
277.194
276.301
276.568
301.635
275.966
288.151
316.143
246.350
275.109
260.062
280.419
273.680
262.117
254.575
275.015
247.916
245.557
238.325
241.954
282.202
286.529
253.984
244.951
281.312
279.978
271.713
266.020
292.630
346.039
294.205
250.257
275.848
283.229
250.091
268.949
300.883
254.718
293.950
284.285
297.541
290.483
254.509
303.597
274.770
275.655
248.609
279.671
303.144
292.287
286.065
289.513
288.665
295.708
309.451
287.568
300.563
309.209
300.078
287.904
298.531
304.243
283.229
274.003
274.655
258.221
281.709
321.494
324.920
293.438
272.215
248.175
266.550
241.625
247.189
262.432
285.986
278.711
241.994
249.349
273.779
298.877
283.150
300.644
311.523
276.438
276.215
261.972
273.449
293.050
282.057
265.115
270.299
246.421
267.103
253.628
248.685
317.193
269.465
292.006
261.008
262.135
249.007
243.535
280.466
271.953
252.657
239.021
241.884
247.768
226.380
243.320
271.927
245.756
235.114
237.413
252.213
239.599
236.470
244.659
248.719
245.413
254.114
235.202
280.130
232.005
253.986
258.846
235.911
256.709
218.515
332.096
282.679
280.503
248.324
255.011
244.877
287.049
472.668
479.563
291.328
289.286
246.651
271.981
264.717
250.345
239.971
251.393
244.346
248.969
283.481
285.173
279.947
268.599
274.259
229.841
253.066
265.668
243.031
297.510
258.180
253.840
251.102
290.556
281.253
241.786
248.124
233.295
237.558
242.947
267.859
265.281
294.636
301.440
285.146
255.829
307.816
267.713
294.123
304.874
296.274
279.742
280.584
264.273
253.121
297.905
275.979
285.672
252.135
254.778
255.023
284.386
261.876
266.922
265.822
249.957
262.737
243.467
263.900
265.204
234.340
272.909
303.311
287.110
264.602
264.956
271.660
263.648
252.473
264.465
282.309
270.220
259.435
247.689
234.674
227.946
227.909
246.450
220.393
219.906
205.208
239.158
208.276
226.098
219.155
229.907
277.372
273.100
223.047
237.337
233.266
233.416
226.150
230.748
228.257
236.670
255.306
218.913
227.447
227.812
224.092
229.088
230.948
229.545
241.487
269.658
262.437
225.680
245.279
245.262
238.417
223.728
224.804
228.969
216.593
238.464
234.822
228.709
236.552
231.227
237.152
223.209
240.871
231.628
242.182
268.076
236.742
238.252
226.677
266.207
238.660
247.277
231.255
247.540
256.991
240.745
241.098
255.334
230.677
242.602
245.764
242.937
253.127
253.586
251.715
281.459
243.661
238.010
204.415
230.839
219.394
220.017
208.787
215.801
231.741
220.863
220.528
219.907
207.239
228.954
211.526
217.616
204.994
221.277
218.533
294.762
264.796
234.054
216.230
255.539
220.246
231.083
250.831
232.168
230.052
263.738
236.910
270.819
264.123
256.152
236.797
236.301
223.737
245.976
244.225
229.124
200.365
235.843
221.968
260.036
259.460
251.995
229.230
205.070
209.661
386.416
283.472
250.655
224.615
245.542
235.181
245.545
265.884
225.937
258.024
235.599
283.552
262.950
250.247
251.857
233.069
242.729
257.207
219.998
229.473
251.842
271.932
291.469
247.834
260.053
230.218
265.742
267.433
267.061
256.091
246.210
252.939
248.633
262.115
297.385
260.562
274.448
235.422
249.335
277.261
271.360
276.178
254.583
263.524
252.772
222.115
237.908
243.638
236.102
278.712
278.304
250.546
238.300
232.830
215.784
252.802
230.265
292.950
250.488
270.265
238.919
241.834
244.515
269.865
266.487
248.189
255.193
216.165
238.287
231.573
266.041
283.160
280.055
274.982
267.093
271.149
271.964
349.391
249.507
268.213
275.496
233.865
259.249
278.591
246.463
235.559
268.588
237.981
256.724
242.016
239.037
231.883
234.342
260.234
250.518
251.283
246.542
249.210
240.266
239.518
268.492
268.074
240.279
231.159
251.743
240.209
218.097
223.153
219.183
279.102
277.690
224.354
245.588
243.216
254.369
230.955
234.342
253.782
253.857
568.660
439.932
315.801
246.416
247.477
223.677
223.487
233.453
211.620
305.701
224.806
210.789
249.853
247.132
233.064
303.275
260.367
235.778
249.168
262.402
260.755
268.206
240.374
258.496
232.502
237.163
277.952
240.592
254.450
255.302
286.988
256.884
299.067
300.243
251.496
272.347
284.597
258.193
266.457
263.721
253.030
241.664
273.303
287.976
247.307
257.788
255.006
218.048
236.211
248.451
239.466
271.394
253.871
214.437
222.636
239.457
232.567
257.402
274.365
238.773
237.280
249.622
220.783
297.302
236.714
224.577
219.872
198.325
230.002
218.037
213.277
236.029
253.104
248.864
236.031
199.208
224.298
298.078
258.916
220.327
216.996
220.237
241.634
233.062
222.227
253.247
234.270
225.875
232.225
226.576
214.858
236.343
220.973
249.561
222.380
238.870
247.235
264.963
239.053
243.455
232.695
213.823
286.099
228.512
253.521
215.018
233.120
234.257
238.578
252.500
220.941
245.424
219.445
266.478
272.177
231.245
232.454
226.628
232.850
268.718
250.667
238.597
250.750
282.044
281.287
257.908
239.686
239.477
239.607
250.652
221.796
233.208
251.069
297.979
247.836
235.626
229.723
215.760
240.574
242.643
212.670
230.569
214.788
254.208
218.395
225.703
240.152
254.407
233.505
239.733
243.946
248.547
285.544
245.316
233.849
233.040
252.382
222.684
232.632
230.885
207.047
246.347
252.803
232.946
299.410
393.683
307.451
283.068
253.663
258.723
279.777
280.500
279.890
276.799
292.532
376.812
306.491
281.527
257.762
281.076
376.806
330.561
273.346
233.174
279.597
272.509
281.995
245.625
256.182
294.290
300.356
292.044
245.289
254.651
222.279
251.786
390.149
276.870
265.147
256.336
273.353
266.567
282.711
245.638
287.758
291.765
266.077
265.075
254.527
275.419
261.712
264.142
230.901
256.183
274.223
262.513
284.526
268.697
296.580
269.550
262.703
295.207
319.813
316.493
326.776
321.904
286.100
333.595
317.049
324.911
303.155
314.585
343.827
336.665
311.691
328.721
306.180
341.543
337.955
327.635
321.160
301.346
299.999
371.322
369.660
315.288
279.045
314.036
318.998
284.385
322.450
296.336
361.225
282.770
316.943
305.289
320.226
328.837
352.719
321.811
384.698
360.315
363.479
343.734
288.484
344.446
299.809
281.298
270.638
327.750
312.674
291.005
283.239
288.445
342.075
325.063
352.786
298.771
317.436
293.044
307.428
324.848
281.130
329.906
305.717
321.401
280.833
284.647
276.640
295.834
293.844
277.247
244.728
297.898
315.535
301.588
288.930
290.979
298.983
300.171
263.133
309.232
285.471
292.648
274.781
280.245
264.859
299.345
270.534
260.439
258.330
256.902
267.250
261.004
261.419
274.811
276.852
292.690
283.364
257.999
270.559
261.047
273.429
293.382
288.319
285.364
265.528
285.786
312.595
313.503
266.538
271.063
258.285
276.079
270.706
270.173
262.606
261.221
273.004
322.837
282.349
263.969
265.394
268.606
251.820
252.311
281.297
276.237
321.307
262.021
274.616
299.488
301.395
275.896
285.006
280.869
285.965
291.222
274.745
303.146
275.082
285.098
252.812
284.416
291.243
303.579
297.695
292.990
290.105
281.487
280.945
272.998
272.335
281.917
280.731
279.120
280.277
270.916
286.925
273.446
309.531
283.425
314.532
290.853
300.931
287.550
301.723
267.551
313.535
269.759
303.749
298.852
299.429
302.370
274.653
283.185
301.177
319.205
286.547
271.848
256.600
260.017
289.631
274.382
270.328
283.905
294.048
240.246
256.036
260.620
255.757
252.063
262.119
289.500
282.477
277.338
308.603
297.156
275.903
286.025
318.376
287.234
246.811
287.971
268.291
287.122
285.413
289.386
262.429
274.104
265.401
267.024
295.011
266.712
261.915
275.890
248.478
296.979
296.341
274.154
265.081
279.329
252.435
286.245
278.461
315.787
283.510
290.751
280.384
319.141
282.256
281.448
287.561
277.922
289.716
280.987
279.557
303.122
268.482
338.860
329.113
290.206
276.877
282.620
270.902
260.075
292.222
289.951
265.947
273.301
267.427
281.914
274.245
302.359
259.879
274.694
245.174
292.920
269.399
271.686
238.253
282.844
266.011
271.545
240.402
270.211
264.350
254.625
286.719
244.143
259.608
262.141
257.576
234.551
304.897
264.458
264.621
270.369
278.518
294.833
250.619
231.767
250.393
265.548
312.161
270.482
252.015
260.971
243.217
231.300
294.268
242.976
264.125
237.415
258.233
237.514
253.115
252.573
260.592
235.898
245.215
241.081
259.253
276.071
266.965
248.674
256.231
241.724
235.915
234.985
261.607
285.933
330.590
267.612
275.825
259.712
296.879
273.237
280.994
270.408
268.393
261.515
292.064
302.313
270.283
253.848
227.106
338.961
301.303
267.901
239.674
253.668
264.933
239.861
250.899
241.564
254.929
260.341
243.124
253.288
243.238
288.286
281.019
278.618
262.974
253.484
281.586
272.634
287.838
299.483
264.543
273.944
279.715
250.506
246.590
268.739
231.453
238.683
250.625
302.470
321.495
255.667
246.700
269.697
236.317
296.021
263.106
224.709
220.541
215.474
231.971
239.622
255.597
262.561
251.747
266.304
255.320
263.105
228.328
252.820
240.648
222.601
250.610
229.815
233.510
236.020
237.311
233.031
242.768
234.187
233.828
233.815
236.544
254.614
256.070
235.511
250.784
316.214
254.311
261.037
246.844
239.410
266.883
256.449
265.843
237.826
272.525
269.762
258.071
270.122
296.735
284.357
275.740
269.770
254.413
296.378
285.458
294.383
274.056
280.125
287.508
321.743
264.396
282.042
275.189
264.301
299.868
267.246
265.307
267.971
264.232
263.226
272.710
442.473
433.865
465.143
427.261
389.576
368.797
325.107
353.523
338.154
354.389
330.288
317.096
350.206
335.681
290.529
348.855
324.159
334.929
344.325
288.239
327.004
324.173
326.560
313.673
263.104
311.026
302.427
299.820
279.651
336.171
320.287
296.377
328.352
289.372
319.516
306.685
284.598
275.723
295.339
281.290
328.606
272.090
277.571
271.316
270.534
287.914
288.856
287.118
292.964
268.697
277.496
275.100
294.895
258.830
252.184
277.859
258.977
302.616
283.668
257.591
304.101
280.665
303.573
271.478
250.243
248.907
246.676
257.480
285.734
296.414
293.837
289.936
269.052
277.244
297.268
253.829
266.887
250.261
251.675
253.821
264.548
280.705
281.051
255.803
266.481
289.836
281.321
252.950
261.009
272.117
278.280
250.162
269.639
296.183
251.962
258.901
285.097
254.954
272.604
266.501
268.362
282.533
262.389
240.182
266.583
256.164
251.629
256.102
262.417
272.650
265.862
288.923
269.029
261.818
264.087
277.886
