-200.00
-200.00
-200.00
-200.00
-200.00
-200.00
-200.00
-190.50
-198.60
-200.00
-200.00
-189.70
-198.80
-200.00
-194.10
-200.00
-200.00
-200.00
-200.00
-195.80
-200.00
-198.40
-200.00
-197.30
-200.00
-199.20
-200.00
-196.80
-198.50
-198.30
-197.50
-198.20
-194.20
-199.30
-200.00
-200.00
-200.00
-198.50
-200.00
-197.90
-196.00
-198.60
-200.00
-200.00
-200.00
-200.00
-190.60
-198.70
-200.00
-200.00
-200.00
-200.00
-199.20
-200.00
-199.50
-200.00
-193.60
-192.50
-200.00
-197.80
-200.00
-199.20
-200.00
-200.00
-199.40
-199.40
-198.60
-199.00
-200.00
-195.50
-200.00
-200.00
-196.10
-200.00
-195.50
-198.20
-200.00
-200.00
-200.00
-200.00
-197.70
-200.00
-200.00
-198.10
-200.00
-196.10
-199.30
-192.90
-200.00
-190.50
-198.30
-197.40
-199.00
-198.30
-190.40
-200.00
-200.00
-200.00
-200.00
-198.50
-197.50
-198.40
-194.60
-195.20
-194.60
-200.00
-200.00
-200.00
-199.80
-197.40
-193.70
-200.00
-200.00
-200.00
-198.50
-199.00
-196.20
-197.60
-198.60
-200.00
-200.00
-192.10
-192.20
-196.60
-195.90
-196.50
-193.70
-194.80
-196.00
-200.00
-200.00
-194.80
-198.70
-197.80
-196.70
-200.00
-200.00
-194.90
-200.00
-200.00
-200.00
-199.00
-200.00
-200.00
-200.00
-195.70
-200.00
-200.00
-200.00
-199.10
-200.00
-200.00
-200.00
-198.60
-200.00
-200.00
-198.90
-200.00
-200.00
-200.00
-191.90
-200.00
-200.00
-195.30
-200.00
-192.50
-200.00
-200.00
-198.70
-200.00
-200.00
-195.30
-200.00
-200.00
-200.00
-194.40
-197.70
-200.00
-200.00
-199.70
-199.40
-192.40
-198.10
-200.00
-200.00
-200.00
-189.60
-200.00
-200.00
-200.00
-200.00
-195.00
-200.00
-200.00
-198.70
-197.90
-200.00
-200.00
-200.00
-200.00
-200.00
-199.00
-200.00
-200.00
-200.00
-200.00
-200.00
-200.00
-200.00
-195.40
-198.40
-200.00
-200.00
-200.00
-200.00
-200.00
-197.20
-200.00
-200.00
-200.00
-200.00
-200.00
-200.00
-197.40
-200.00
-197.80
-200.00
-200.00
-200.00
-200.00
-198.80
-200.00
-200.00
-198.90
-198.80
-200.00
-200.00
-200.00
-199.90
-200.00
-200.00
-200.00
-200.00
-200.00
-200.00
-196.60
-198.80
-200.00
-191.00
-200.00
-189.40
-200.00
-200.00
-200.00
-200.00
-200.00
-200.00
-200.00
-200.00
-200.00
-198.20
-200.00
-196.70
-200.00
-200.00
-200.00
-200.00
-200.00
-200.00
-200.00
-200.00
-200.00
-194.20
-199.90
-200.00
-198.80
-200.00
-197.20
-200.00
-200.00
-200.00
-200.00
-200.00
-200.00
-200.00
-200.00
-200.00
-200.00
-200.00
-200.00
-196.70
-200.00
-200.00
-200.00
-200.00
-199.10
-187.70
-200.00
-200.00
-200.00
-200.00
-200.00
-189.80
-200.00
-200.00
-200.00
-200.00
-200.00
-197.70
-200.00
-200.00
-198.20
-200.00
-198.40
-200.00
-199.40
-190.20
-200.00
-200.00
-200.00
-198.40
-200.00
-197.70
-200.00
-188.50
-194.40
-200.00
-200.00
-200.00
-200.00
-200.00
-197.40
-200.00
-200.00
-200.00
-200.00
-200.00
-200.00
-200.00
-199.40
-200.00
-200.00
-200.00
-200.00
-200.00
-200.00
-200.00
-200.00
-198.30
-200.00
-195.60
-197.70
-199.50
-200.00
-200.00
-198.80
-200.00
-191.60
-199.60
-199.30
-200.00
-200.00
-200.00
-195.70
-197.00
-200.00
-200.00
-200.00
-200.00
-200.00
-195.20
-196.40
-200.00
-199.90
-199.10
-199.10
-196.20
-200.00
-199.00
-200.00
-200.00
-200.00
-200.00
-191.00
-200.00
-197.50
-198.90
-198.70
-200.00
-197.00
-200.00
-200.00
-200.00
-200.00
-200.00
-198.90
-200.00
-200.00
-195.80
-195.30
-196.50
-200.00
-200.00
-194.90
-200.00
-200.00
-198.40
-197.00
-199.50
-200.00
-200.00
-200.00
-198.40
-200.00
-200.00
-200.00
-200.00
-195.80
-200.00
-199.30
-200.00
-200.00
-200.00
-197.90
-200.00
-200.00
-197.70
-198.50
-200.00
-200.00
-200.00
-200.00
-200.00
-200.00
-198.60
-200.00
-200.00
-200.00
-200.00
-200.00
-200.00
-200.00
-200.00
-200.00
-200.00
-200.00
-200.00
-200.00
-196.30
-200.00
-200.00
-200.00
-196.90
-200.00
-200.00
-197.60
-200.00
-200.00
-199.80
-196.70
-194.20
-200.00
-200.00
-195.60
-199.20
-196.00
-200.00
-198.60
-195.40
-200.00
-200.00
-196.30
-200.00
-196.00
-200.00
-198.20
-200.00
-200.00
-200.00
-200.00
-200.00
-200.00
-198.30
-195.50
-200.00
-200.00
-199.00
-200.00
-198.80
-200.00
-200.00
-200.00
-200.00
-193.60
-200.00
-200.00
-199.80
-197.90
-200.00
-200.00
-196.70
-200.00
-198.10
-200.00
-200.00
-194.40
-198.70
-200.00
-200.00
-190.90
-200.00
-200.00
-200.00
-196.60
-197.10
-197.60
-197.90
-200.00
-200.00
-194.90
-200.00
-200.00
-198.80
-197.80
-199.00
-194.90
-198.80
-200.00
-200.00
-198.40
-200.00
-200.00
-200.00
-200.00
-200.00
-195.30
-200.00
-199.40
-200.00
-200.00
-200.00
-200.00
-198.80
-200.00
-200.00
-198.60
-200.00
-200.00
-200.00
-198.50
-200.00
-200.00
-200.00
-200.00
-200.00
-200.00
-192.60
-198.60
-200.00
-200.00
-198.10
-200.00
-195.30
-200.00
-200.00
-200.00
-200.00
-200.00
-200.00
-191.90
-200.00
-198.50
-200.00
-200.00
-200.00
-198.20
-192.50
-195.50
-194.00
-197.80
-200.00
-195.40
-199.00
-190.40
-200.00
-199.40
-198.60
-200.00
-200.00
-200.00
-200.00
-195.20
-193.50
-195.20
-200.00
-200.00
-198.70
-200.00
-198.80
-192.90
-197.00
-188.90
-200.00
-200.00
-198.20
-194.90
-200.00
-199.00
-197.80
-200.00
-200.00
-200.00
-200.00
-197.30
-179.60
-193.90
-198.40
-200.00
-200.00
-186.00
-199.30
-197.10
-199.40
-198.50
-195.40
-200.00
-200.00
-199.20
-200.00
-186.70
-200.00
-196.60
-196.40
-200.00
-197.90
-198.20
-200.00
-200.00
-192.30
-200.00
-200.00
-200.00
-199.50
-199.80
-200.00
-199.10
-200.00
-194.60
-200.00
-198.10
-200.00
-198.40
-198.40
-198.30
-200.00
-200.00
-200.00
-198.10
-200.00
-197.10
-198.30
-200.00
-200.00
-200.00
-200.00
-200.00
-200.00
-200.00
-200.00
-199.50
-200.00
-192.90
-199.80
-200.00
-200.00
-200.00
-199.10
-200.00
-200.00
-200.00
-195.10
-200.00
-199.80
-199.30
-197.30
-200.00
-193.70
-200.00
-199.30
-195.20
-199.40
-199.20
-199.50
-196.90
-195.90
-196.10
-200.00
-200.00
-199.30
-192.20
-200.00
-200.00
-187.60
-200.00
-200.00
-199.10
-194.90
-200.00
-189.90
-200.00
-200.00
-195.30
-197.50
-199.40
-190.80
-194.40
-199.00
-200.00
-198.70
-200.00
-199.00
-189.70
-200.00
-195.00
-200.00
-199.40
-200.00
-200.00
-200.00
-193.80
-200.00
-198.80
-199.00
-200.00
-198.40
-198.60
-200.00
-200.00
-200.00
-200.00
-199.80
-195.70
-200.00
-198.80
-196.90
-200.00
-190.40
-186.90
-199.00
-200.00
-200.00
-196.40
-191.60
-198.80
-200.00
-195.90
-200.00
-195.50
-197.10
-200.00
-200.00
-200.00
-197.80
-200.00
-200.00
-195.30
-197.80
-200.00
-198.60
-197.80
-200.00
-195.80
-200.00
-200.00
-200.00
-200.00
-195.40
-196.90
-198.20
-200.00
-189.90
-199.30
-200.00
-200.00
-200.00
-200.00
-199.40
-200.00
-200.00
-200.00
-200.00
-200.00
-200.00
-200.00
-195.70
-200.00
-200.00
-200.00
-200.00
-200.00
-195.10
-193.20
-200.00
-200.00
-200.00
-200.00
-200.00
-197.50
-199.20
-194.50
-197.30
-195.00
-200.00
-198.40
-200.00
-200.00
-198.20
-200.00
-200.00
-200.00
-199.50
-197.80
-200.00
-200.00
-196.10
-191.20
-199.80
-200.00
-200.00
-200.00
-187.50
-196.30
-200.00
-200.00
-200.00
-200.00
-193.70
-200.00
-200.00
-200.00
-200.00
-200.00
-198.90
-200.00
-199.10
-200.00
-182.30
-190.00
-200.00
-200.00
-199.20
-200.00
-200.00
-200.00
-200.00
-200.00
-200.00
-200.00
-188.70
-200.00
-199.40
-200.00
-200.00
-200.00
-200.00
-190.00
-200.00
-195.10
-195.70
-196.30
-188.70
-200.00
-197.10
-188.60
-200.00
-190.80
-200.00
-190.60
-200.00
-192.60
-198.90
-189.60
-200.00
-200.00
-192.60
-200.00
-197.70
-186.40
-200.00
-200.00
-191.40
-180.70
-200.00
-196.90
-200.00
-188.50
-200.00
-184.20
-200.00
-200.00
-199.10
-200.00
-186.40
-200.00
-200.00
-197.90
-193.90
-193.40
-200.00
-200.00
-200.00
-197.80
-189.00
-194.40
-195.40
-192.50
-193.70
-200.00
-170.70
-195.30
-196.30
-195.00
-187.20
-198.30
-193.90
-200.00
-200.00
-200.00
-195.10
-200.00
-200.00
-200.00
-200.00
-195.00
-190.70
-198.90
-200.00
-195.70
-193.40
-200.00
-200.00
-194.60
-200.00
-194.40
-200.00
-200.00
-200.00
-200.00
-200.00
-200.00
-200.00
-200.00
-197.40
-200.00
-200.00
-189.90
-200.00
-200.00
-200.00
-200.00
-200.00
-199.30
-194.30
-200.00
-178.10
-200.00
-200.00
-173.70
-192.00
-197.10
-192.80
-200.00
-200.00
-200.00
-200.00
-200.00
-200.00
-188.60
-200.00
-200.00
-200.00
-200.00
-200.00
-200.00
-196.70
-196.40
-191.80
-186.00
-200.00
-193.70
-200.00
-196.30
-197.20
-193.10
-200.00
-200.00
-200.00
-200.00
-190.20
-200.00
-200.00
-189.40
-200.00
-200.00
-200.00
-200.00
-200.00
-200.00
-188.60
-200.00
-195.80
-200.00
-186.30
-200.00
-200.00
-194.80
-198.40
-198.00
-195.00
-200.00
-200.00
-200.00
-198.00
-192.90
-200.00
-191.90
-197.90
-196.40
-195.30
-200.00
-200.00
-200.00
-192.50
-200.00
-199.50
-200.00
-200.00
-200.00
-200.00
-200.00
-198.60
-200.00
-200.00
-195.70
-200.00
-197.80
-194.10
-197.20
-200.00
-200.00
-200.00
-195.80
-199.60
-186.80
-200.00
-186.00
-192.60
-199.30
-200.00
-200.00
-188.30
-200.00
-193.90
-188.00
-182.70
-197.00
-200.00
-193.50
-200.00
-191.50
-199.10
-190.30
-199.90
-189.80
-200.00
-196.40
-200.00
-193.40
-199.40
-200.00
-200.00
-200.00
-196.70
-199.30
-189.60
-200.00
-200.00
-200.00
-187.70
-200.00
-194.40
-200.00
-200.00
-200.00
-197.30
-200.00
-200.00
-200.00
-200.00
-200.00
-200.00
-200.00
-187.80
-200.00
-192.30
-200.00
-199.80
-200.00
-192.80
-194.10
-200.00
-198.30
-200.00
-199.00
-190.90
-200.00
-200.00
-194.70
-197.90
-200.00
-197.40
-196.80
-198.00
-194.10
-197.20
-200.00
-200.00
-200.00
-200.00
-200.00
-200.00
-200.00
-200.00
-200.00
-200.00
-194.40
-200.00
-198.30
-198.20
-200.00
-200.00
-200.00
-200.00
-200.00
-200.00
-199.70
-200.00
-200.00
-200.00
-200.00
-200.00
-198.80
-200.00
-200.00
-200.00
-200.00
-200.00
-195.60
-198.50
-197.80
-200.00
-200.00
-192.10
-199.30
-197.00
-200.00
-199.10
-200.00
-188.10
-195.00
-200.00
-200.00
-200.00
-200.00
-189.00
-200.00
-196.30
-197.60
-198.50
-197.30
-197.10
-200.00
-191.20
-200.00
-192.10
-199.70
-198.00
-196.30
-198.60
-198.70
-200.00
-200.00
-198.20
-200.00
-200.00
-200.00
-200.00
-195.50
-200.00
-200.00
-200.00
-200.00
-200.00
-200.00
-200.00
-200.00
-200.00
-200.00
-190.40
-200.00
-196.30
-199.80
-189.00
-189.60
-200.00
-200.00
-194.40
-200.00
-190.30
-200.00
-191.40
-200.00
-200.00
-200.00
-200.00
-200.00
-200.00
-200.00
-200.00
-200.00
-195.10
-200.00
-200.00
-200.00
-200.00
-199.00
-190.90
-200.00
-194.80
-196.40
-200.00
-200.00
-197.70
-200.00
-199.60
-198.90
-197.70
-197.40
-200.00
-200.00
-200.00
-200.00
-198.10
-200.00
-200.00
-197.50
-200.00
-195.90
-196.80
-197.40
-200.00
-197.20
-200.00
-192.50
-200.00
-199.80
-199.70
-200.00
-189.50
-183.60
-184.10
-200.00
-197.10
-200.00
-200.00
-200.00
-194.80
-192.30
-192.50
-200.00
-193.40
-197.20
-200.00
-200.00
-200.00
-187.90
-200.00
-200.00
-200.00
-200.00
-199.30
-200.00
-200.00
-198.40
-189.40
-200.00
-200.00
-200.00
-193.20
-200.00
-182.50
-200.00
-200.00
-187.50
-200.00
-198.20
-196.50
-187.20
-191.00
-200.00
-200.00
-197.90
-200.00
-200.00
-200.00
-198.10
-200.00
-200.00
-192.80
-200.00
-200.00
-194.40
-191.80
-198.80
-197.00
-200.00
-200.00
-186.80
-199.90
-200.00
-200.00
-192.10
-200.00
-197.60
-190.50
-200.00
-200.00
-200.00
-200.00
-200.00
-200.00
-200.00
-200.00
-200.00
-197.70
-200.00
-197.50
-200.00
-200.00
-200.00
-200.00
-193.80
-200.00
-200.00
-200.00
-200.00
-200.00
-200.00
-193.10
-200.00
-200.00
-200.00
-186.30
-200.00
-200.00
-200.00
-200.00
-200.00
-199.60
-188.90
-200.00
-199.40
-200.00
-200.00
-200.00
-200.00
-200.00
-200.00
-200.00
-200.00
-200.00
-190.10
-200.00
-196.70
-200.00
-200.00
-188.80
-200.00
-200.00
-200.00
-200.00
-191.10
-200.00
-200.00
-200.00
-193.70
-199.10
-200.00
-194.60
-200.00
-200.00
-191.00
-190.70
-194.30
-200.00
-200.00
-200.00
-199.70
-200.00
-200.00
-200.00
-199.70
-200.00
-200.00
-189.30
-200.00
-196.20
-199.60
-200.00
-194.00
-199.70
-200.00
-200.00
-190.90
-199.10
-186.30
-200.00
-199.00
-200.00
-196.70
-200.00
-200.00
-195.60
-200.00
-200.00
-200.00
-200.00
-200.00
-200.00
-191.10
-200.00
-187.10
-200.00
-197.30
-200.00
-198.10
-200.00
-193.20
-196.30
-200.00
-200.00
-200.00
-200.00
-197.20
-200.00
-200.00
-200.00
-200.00
-189.30
-200.00
-200.00
-193.40
-192.40
-200.00
-198.30
-200.00
-195.40
-197.00
-186.10
-195.30
-200.00
-186.30
-197.70
-200.00
-200.00
-200.00
-200.00
-200.00
-195.30
-200.00
-200.00
-189.70
-200.00
-200.00
-200.00
-200.00
-191.50
-198.40
-200.00
-197.20
-200.00
-198.80
-194.20
-200.00
-200.00
-200.00
-200.00
-194.10
-199.00
-188.80
-200.00
-200.00
-183.90
-200.00
-200.00
-200.00
-192.30
-200.00
-200.00
-200.00
-200.00
-194.60
-200.00
-183.40
-195.20
-200.00
-194.50
-197.60
-200.00
-191.70
-188.80
-200.00
-200.00
-200.00
-194.50
-200.00
-195.60
-194.60
-200.00
-200.00
-200.00
-200.00
-196.60
-200.00
-200.00
-200.00
-200.00
-200.00
-200.00
-200.00
-199.30
-200.00
-200.00
-200.00
-199.40
-200.00
-200.00
-185.60
-197.50
-200.00
-200.00
-200.00
-200.00
-200.00
-200.00
-200.00
-200.00
-195.30
-196.00
-190.80
-200.00
-200.00
-200.00
-187.30
-197.90
-195.50
-200.00
-193.80
-200.00
-200.00
-196.90
-200.00
-195.20
-197.10
-200.00
-200.00
-200.00
-200.00
-200.00
-200.00
-200.00
-200.00
-200.00
-200.00
-200.00
-200.00
-191.70
-200.00
-200.00
-200.00
-200.00
-192.60
-200.00
-196.40
-200.00
-200.00
-200.00
-200.00
-200.00
-192.90
-200.00
-196.50
-200.00
-200.00
-195.60
-200.00
-200.00
-200.00
-200.00
-200.00
-200.00
-180.70
-199.60
-200.00
-200.00
-200.00
-197.90
-200.00
-195.90
-200.00
-200.00
-200.00
-200.00
-200.00
-192.70
-200.00
-199.10
-194.20
-197.90
-200.00
-200.00
-200.00
-200.00
-200.00
-188.30
-195.90
-195.90
-200.00
-200.00
-199.30
-200.00
-200.00
-200.00
-186.20
-200.00
-200.00
-191.60
-189.80
-198.50
-186.60
-198.00
-199.00
-190.60
-200.00
-200.00
-200.00
-200.00
-191.60
-200.00
-197.10
-192.60
-199.80
-200.00
-200.00
-199.20
-190.80
-200.00
-200.00
-200.00
-191.60
-200.00
-200.00
-193.50
-192.60
-200.00
-200.00
-181.20
-180.20
-198.10
-200.00
-200.00
-200.00
-199.10
-195.70
-197.80
-197.40
-195.50
-200.00
-200.00
-194.80
-192.90
-191.10
-200.00
-200.00
-200.00
-200.00
-191.60
-200.00
-194.70
-189.20
-200.00
-200.00
-200.00
-197.80
-196.90
-200.00
-191.00
-199.60
-192.20
-200.00
-200.00
-200.00
-200.00
-186.50
-198.50
-191.50
-197.70
-200.00
-189.60
-200.00
-199.80
-200.00
-192.80
-189.20
-199.90
-200.00
-198.10
-200.00
-200.00
-189.10
-200.00
-200.00
-199.80
-193.20
-193.10
-200.00
-193.70
-194.90
-200.00
-195.90
-200.00
-198.10
-198.20
-200.00
-200.00
-198.00
-198.50
-200.00
-200.00
-200.00
-196.80
-200.00
-196.80
-194.10
-200.00
-196.80
-179.80
-200.00
-198.30
-200.00
-189.00
-193.00
-171.40
-196.70
-196.40
-195.60
-192.70
-200.00
-191.10
-200.00
-190.50
-200.00
-199.40
-200.00
-195.90
-198.70
-200.00
-196.60
-200.00
-200.00
-200.00
-199.10
-200.00
-196.10
-200.00
-187.40
-194.00
-200.00
-198.10
-200.00
-195.80
-200.00
-195.50
-200.00
-200.00
-200.00
-194.60
-200.00
-183.80
-190.60
-200.00
-200.00
-200.00
-191.90
-200.00
-199.20
-198.70
-186.30
-192.90
-185.00
-189.00
-197.70
-196.80
-200.00
-192.90
-194.20
-197.70
-200.00
-196.30
-200.00
-200.00
-194.60
-190.00
-200.00
-200.00
-200.00
-200.00
-200.00
-200.00
-191.30
-199.20
-200.00
-200.00
-196.80
-181.50
-186.00
-200.00
-186.30
-200.00
-200.00
-200.00
-186.10
-195.70
-200.00
-200.00
-177.70
-200.00
-200.00
-200.00
-185.00
-200.00
-200.00
-200.00
-200.00
-200.00
-189.70
-200.00
-200.00
-200.00
-200.00
-193.40
-200.00
-200.00
-191.90
-199.90
-200.00
-187.50
-195.50
-198.40
-200.00
-200.00
-200.00
-200.00
-200.00
-200.00
-200.00
-183.30
-200.00
-200.00
-197.70
-190.90
-200.00
-200.00
-199.00
-200.00
-200.00
-200.00
-200.00
-198.10
-195.90
-200.00
-200.00
-200.00
-200.00
-200.00
-200.00
-189.20
-194.30
-200.00
-192.90
-198.00
-191.90
-200.00
-200.00
-200.00
-200.00
-200.00
-200.00
-199.10
-200.00
-200.00
-200.00
-199.20
-190.80
-200.00
-200.00
-200.00
-200.00
-200.00
-192.90
-197.00
-198.50
-194.00
-200.00
-197.10
-194.60
-200.00
-195.10
-198.40
-200.00
-200.00
-200.00
-189.90
-184.90
-200.00
-193.00
-192.70
-200.00
-193.00
-200.00
-197.40
-199.50
-196.70
-200.00
-200.00
-199.10
-191.50
-186.30
-200.00
-195.50
-200.00
-191.50
-200.00
-200.00
-188.00
-200.00
-200.00
-200.00
-183.70
-196.50
-198.50
-179.20
-189.40
-200.00
-200.00
-200.00
-195.30
-193.00
-200.00
-200.00
-200.00
-199.80
-200.00
-200.00
-200.00
-198.40
-197.30
-200.00
-200.00
-200.00
-200.00
-200.00
-185.00
-198.30
-186.90
-200.00
-200.00
-200.00
-197.40
-200.00
-188.30
-197.60
-193.50
-200.00
-200.00
-196.20
-196.40
-198.80
-200.00
-197.60
-200.00
-193.00
-200.00
-198.80
-194.60
-198.30
-194.70
-197.40
-183.30
-191.50
-171.40
-200.00
-195.70
-200.00
-197.40
-200.00
-198.10
-188.60
-200.00
-197.80
-200.00
-200.00
-193.20
-190.70
-185.20
-198.20
-173.60
-194.70
-197.90
-198.70
-193.50
-200.00
-200.00
-200.00
-198.00
-200.00
-196.30
-191.40
-190.50
-198.50
-189.70
-194.80
-200.00
-193.50
-200.00
-190.20
-200.00
-191.80
-193.20
-189.90
-190.30
-196.80
-199.90
-200.00
-199.30
-198.80
-200.00
-200.00
-200.00
-192.60
-198.20
-200.00
-200.00
-192.30
-198.50
-200.00
-178.00
-197.60
-200.00
-196.40
-196.90
-197.30
-197.10
-200.00
-182.20
-200.00
-200.00
-198.80
-184.10
-198.80
-200.00
-198.70
-193.90
-200.00
-200.00
-200.00
-200.00
-200.00
-200.00
-198.80
-186.10
-195.80
-200.00
-183.90
-200.00
-198.50
-191.20
-198.40
-200.00
-199.60
-193.00
-200.00
-191.10
-200.00
-195.40
-200.00
-191.50
-200.00
-198.80
-200.00
-200.00
-191.20
-182.00
-180.40
-199.40
-200.00
-186.60
-195.10
-199.50
-200.00
-198.60
-178.50
-200.00
-190.30
-171.80
-186.90
-200.00
-190.60
-192.40
-200.00
-196.90
-200.00
-200.00
-195.30
-199.80
-186.30
-200.00
-197.90
-198.40
-194.90
-200.00
-200.00
-200.00
-200.00
-199.10
-196.20
-200.00
-200.00
-194.90
-200.00
-200.00
-183.60
-196.30
-200.00
-200.00
-200.00
-197.40
-200.00
-198.70
-200.00
-200.00
-196.60
-200.00
-197.50
-189.50
-191.20
-198.60
-200.00
-199.30
-200.00
-200.00
-200.00
-200.00
-200.00
-200.00
-200.00
-200.00
-200.00
-193.10
-198.90
-200.00
-189.50
-200.00
-198.10
-192.50
-197.40
-196.70
-192.10
-200.00
-197.90
-197.40
-184.10
-200.00
-200.00
-200.00
-200.00
-200.00
-200.00
-200.00
-196.90
-200.00
-193.10
-197.40
-194.10
-200.00
-200.00
-200.00
-199.30
-187.50
-200.00
-186.70
-200.00
-199.60
-186.10
-198.60
-191.10
-200.00
-195.50
-197.80
-200.00
-199.40
-200.00
-192.80
-198.50
-193.70
-199.70
-200.00
-200.00
-196.40
-195.30
-200.00
-200.00
-200.00
-200.00
-197.60
-190.80
-200.00
-197.20
-186.80
-200.00
-192.60
-200.00
-199.80
-200.00
-200.00
-200.00
-200.00
-200.00
-200.00
-200.00
-200.00
-200.00
-188.20
-200.00
-200.00
-200.00
-200.00
-194.00
-200.00
-197.20
-200.00
-192.80
-200.00
-197.50
-196.30
-192.70
-200.00
-200.00
-197.80
-195.70
-195.70
-199.00
-192.30
-196.60
-200.00
-195.80
-190.10
-193.00
-200.00
-192.30
-193.70
-200.00
-198.00
-189.80
-200.00
-200.00
-200.00
-197.20
-193.90
-200.00
-182.80
-200.00
-200.00
-198.10
-200.00
-200.00
-197.10
-196.90
-186.70
-195.90
-198.40
-192.10
-197.10
-200.00
-185.80
-200.00
-184.40
-200.00
-200.00
-200.00
-193.20
-200.00
-179.60
-200.00
-200.00
-200.00
-191.70
-200.00
-195.60
-200.00
-200.00
-194.00
-200.00
-200.00
-200.00
-197.60
-200.00
-200.00
-185.30
-197.80
-200.00
-186.10
-190.50
-200.00
-189.40
-179.30
-195.10
-189.60
-200.00
-189.50
-197.70
-200.00
-200.00
-196.00
-172.20
-198.50
-198.50
-188.40
-196.90
-200.00
-193.80
-196.00
-193.90
-197.10
-200.00
-182.70
-200.00
-186.10
-190.10
-200.00
-186.20
-200.00
-200.00
-189.50
-200.00
-197.00
-200.00
-198.70
-200.00
-200.00
-200.00
-200.00
-200.00
-200.00
-200.00
-191.30
-200.00
-200.00
-200.00
-200.00
-199.80
-199.00
-200.00
-200.00
-200.00
-200.00
-200.00
-198.30
-195.00
-200.00
-193.70
-198.80
-197.50
-200.00
-200.00
-200.00
-200.00
-190.60
-190.40
-200.00
-195.10
-198.40
-200.00
-196.80
-200.00
-197.60
-198.30
-200.00
-197.30
-192.40
-198.20
-196.90
-199.30
-200.00
-200.00
-200.00
-200.00
-200.00
-196.90
-200.00
-200.00
-200.00
-196.30
-189.20
-200.00
-196.40
-195.40
-197.70
-195.50
-200.00
-197.30
-200.00
-186.50
-200.00
-187.80
-193.80
-200.00
-192.60
-199.70
-200.00
-200.00
-184.00
-198.40
-200.00
-200.00
-198.10
-196.80
-193.80
-200.00
-200.00
-200.00
-200.00
-200.00
-200.00
-183.80
-200.00
-191.80
-200.00
-193.70
-200.00
-200.00
-193.50
-199.50
-186.60
-200.00
-200.00
-200.00
-199.40
-200.00
-200.00
-200.00
-200.00
-200.00
-200.00
-200.00
-200.00
-193.70
-200.00
-200.00
-198.00
-200.00
-200.00
-200.00
-188.80
-191.80
-200.00
-198.40
-200.00
-196.50
-200.00
-196.20
-200.00
-200.00
-200.00
-200.00
-200.00
-195.20
-200.00
-199.70
-197.50
-200.00
-200.00
-196.20
-200.00
-199.10
-200.00
-200.00
-191.70
-199.80
-200.00
-200.00
