2.21096
2.17720
2.19947
2.21723
2.27283
2.22053
2.29687
2.30692
2.32950
2.25883
2.33090
2.25723
2.27954
2.14553
2.28466
2.22431
2.27903
2.28516
2.29161
2.33087
2.29650
2.28700
2.29450
2.29632
2.28691
2.35768
2.41259
2.39464
2.40191
2.26110
2.25400
2.27754
2.29234
2.18926
2.23360
2.26650
2.23473
2.23819
2.24203
2.23742
2.18375
2.20281
2.29211
2.19271
2.23935
2.16038
2.26960
2.13905
2.18924
2.21000
2.17639
2.17663
2.21018
2.21439
2.27071
2.24908
2.24863
2.21524
2.21170
2.23822
2.17787
2.24395
2.36694
2.30460
2.27888
2.30975
2.36785
2.26464
2.24821
2.29492
2.18549
2.24828
2.25298
2.24216
2.27852
2.19359
2.18493
2.25465
2.22168
2.19430
2.26691
2.23687
2.23334
2.23871
2.24815
2.25394
2.28304
2.27500
2.27367
2.26004
2.24560
2.25693
2.24948
2.29787
2.34684
2.30383
2.28489
2.28904
2.33585
2.32997
2.36253
2.34936
2.29569
2.31553
2.34219
2.36540
2.28537
2.40233
2.29086
2.29661
2.27409
2.27364
2.29078
2.34359
2.32817
2.22485
2.36573
2.25170
2.22997
2.24412
2.32037
2.32536
2.29867
2.39757
2.27348
2.34593
2.23277
2.29589
2.28080
2.26227
2.27607
2.34511
2.29266
2.37449
2.26249
2.27978
2.31641
2.26466
2.30951
2.24717
2.23553
2.26546
2.19070
2.36065
2.36058
2.39115
2.37753
2.32957
2.27321
2.25538
2.35079
2.32866
2.35693
2.26555
2.38181
2.32710
2.31582
2.29788
2.30746
2.26832
2.29733
2.27329
2.29827
2.31242
2.39295
2.34618
2.27684
2.34452
2.34850
2.30551
2.28966
2.28146
2.27843
2.43356
2.55570
2.35849
2.26687
2.30036
2.28319
2.27032
2.27476
2.31784
2.32776
2.35018
2.33220
2.27353
2.33962
2.30108
2.28976
2.38326
2.35736
2.33125
2.27052
2.31061
2.35902
2.27898
2.31984
2.35557
2.39281
2.29050
2.31506
2.28932
2.34167
2.39026
2.36220
2.37455
2.30721
2.41737
2.30031
2.32057
2.29574
2.28727
2.31086
2.28082
2.39080
2.31688
2.35137
2.31899
2.28995
2.29838
2.26003
2.28892
2.30524
2.27538
2.19773
2.37483
2.36839
2.32731
2.25042
2.23946
2.35130
2.27328
2.31551
2.30021
2.34583
2.27962
2.40114
2.24497
2.41655
2.34816
2.33971
2.47277
2.33282
2.38682
2.36609
2.32750
2.34329
2.38960
2.39863
2.34487
2.37803
2.29693
2.33597
2.33556
2.41330
2.34691
2.32734
2.30893
2.34130
2.32422
2.29380
2.40271
2.33437
2.30373
2.47545
2.45337
2.42986
2.41645
2.36857
2.50270
2.36259
2.36503
2.39640
2.42154
2.34809
2.39111
2.26074
2.36388
2.27261
2.43220
2.37654
2.38042
2.39360
2.42515
2.40021
2.51550
2.45398
2.38471
2.39066
2.44486
2.39025
2.29719
2.40990
2.34537
2.44038
2.32314
2.28956
2.33132
2.41745
2.39383
2.42227
2.39892
2.41401
2.35079
2.36056
2.40905
2.37204
2.37792
2.33543
2.44782
2.43014
2.43944
2.37074
2.36490
2.31204
2.42956
2.46395
2.34473
2.31121
2.34957
2.48552
2.45156
2.37835
2.48770
2.49109
2.41947
2.40792
2.43630
2.35970
2.35641
2.35486
2.53029
2.28152
2.43478
2.40630
2.45770
2.53499
2.43171
2.41962
2.50406
2.50037
2.34372
2.26610
2.34777
2.27768
2.29412
2.34166
2.34645
2.33110
2.36772
2.32306
2.31260
2.36532
2.33549
2.33816
2.36530
2.35111
2.41005
2.30960
2.39541
2.38524
2.38260
2.45884
2.36027
2.30265
2.31469
2.25493
2.25340
2.31347
2.28588
2.27406
2.27232
2.22688
2.26960
2.31764
2.32374
2.34999
2.34820
2.34796
2.34235
2.32601
2.25428
2.35898
2.33328
2.31220
2.33620
2.25899
2.26450
2.37969
2.35653
2.33429
2.23823
2.28625
2.25262
2.19033
2.20884
2.18770
2.21980
2.25677
2.37490
2.34980
2.36879
2.44970
2.31604
2.31352
2.34823
2.28417
2.28874
2.32230
2.41710
2.35284
2.34992
2.40198
2.37618
2.31137
2.26580
2.33057
2.39787
2.30665
2.45463
2.33574
2.32858
2.41802
2.40269
2.39027
2.37880
2.27924
2.31691
2.45454
2.38699
2.30589
2.34120
2.41212
2.44067
2.37460
2.40442
2.40302
2.32493
2.34170
2.36409
2.33697
2.33578
2.37579
2.36045
2.31148
2.29575
2.20607
2.26280
2.22626
2.29390
2.28004
2.23150
2.19966
2.17665
2.28010
2.20746
2.29125
2.23209
2.18476
2.20017
2.24058
2.20968
2.21808
2.18736
2.14704
2.20781
2.18894
2.15117
2.29437
2.21822
2.16697
2.25818
2.23535
2.32075
2.25729
2.22681
2.32454
2.30793
2.28066
2.31213
2.25401
2.18541
2.15910
2.21957
2.20396
2.09621
2.13235
2.08275
2.12536
2.10592
2.07246
2.09182
2.05040
2.08553
2.11121
2.05027
2.08987
2.08904
2.16283
2.04475
2.10917
2.20981
2.23376
2.15800
2.19387
2.23733
2.15676
2.11252
2.19366
2.19008
2.09999
2.20042
2.34609
2.11644
2.22946
2.15411
2.22879
2.19808
2.22693
2.25676
2.21389
2.18739
2.23507
2.21395
2.16009
2.20225
2.13968
2.19773
2.16584
2.15845
2.20221
2.20322
2.16019
2.21568
2.23285
2.28594
2.30888
2.21524
2.22332
2.34176
2.29937
2.23839
2.32429
2.28061
2.23387
2.27548
2.20658
2.32053
2.37477
2.23226
2.26668
2.24814
2.28682
2.28300
2.32114
2.34466
2.28480
2.27207
2.25774
2.24684
2.28328
2.26229
2.24453
2.27013
2.24864
2.23537
2.19606
2.22759
2.23503
2.24995
2.22860
2.20344
2.20737
2.18692
2.22379
2.26594
2.23020
2.22247
2.20988
2.23542
2.35187
2.28610
2.25792
2.27498
2.33995
2.24109
2.23912
2.35543
2.34062
2.36898
2.32606
2.33856
2.34919
2.27186
2.27417
2.35218
2.22140
2.22364
2.30081
2.37074
2.30756
2.34312
2.22765
2.26872
2.30635
2.27946
2.32911
2.33277
2.28808
2.36013
2.33948
2.26026
2.31507
2.33722
2.33654
2.31669
2.29548
2.31352
2.34342
2.34081
2.31490
2.30376
2.24528
2.40242
2.42428
2.36632
2.43037
2.40266
2.32841
2.34600
2.33435
2.35751
2.29358
2.36930
2.41693
2.45107
2.38859
2.23668
2.34780
2.30926
2.42575
2.33178
2.37166
2.26726
2.30702
2.32826
2.25529
2.36783
2.34963
2.23528
2.24850
2.22103
2.19105
2.25028
2.23940
2.29799
2.20681
2.19719
2.24701
2.21320
2.18547
2.20164
2.31874
2.23749
2.26855
2.20636
2.31180
2.24997
2.23062
2.26081
2.29423
2.25288
2.23173
2.28779
2.18598
2.24191
2.25960
2.27426
2.21133
2.28918
2.38727
2.30297
2.23849
2.37315
2.27595
2.25553
2.30343
2.25314
2.23372
2.24503
2.23099
2.25102
2.21885
2.20525
2.36963
2.24470
2.32467
2.29157
2.28512
2.29272
2.31963
2.33370
2.36369
2.28084
2.35402
2.32307
2.33119
2.34163
2.41819
2.45350
2.31747
2.26064
2.33485
2.27966
2.25162
2.26648
2.32885
2.33480
2.23707
2.22618
2.25536
2.27692
2.24659
2.17346
2.28064
2.29867
2.32514
2.20595
2.24151
2.22391
2.27566
2.23261
2.22650
2.28292
2.23729
2.29904
2.23938
2.23321
2.62009
2.23588
2.24825
2.21589
2.20564
2.19446
2.22358
2.20464
2.28808
2.23353
2.21456
2.34923
2.29663
2.32625
2.40180
2.33318
2.29605
2.39849
2.31936
2.32900
2.32323
2.41856
2.37528
2.35793
2.36248
2.31859
2.37659
2.29479
2.27871
2.41646
2.33327
2.29476
2.23353
2.24691
2.32268
2.25515
2.33506
2.33442
2.39422
2.27743
2.27070
2.23745
2.35920
2.28140
2.23622
2.30626
2.30664
2.39827
2.32136
2.23826
2.33101
2.37465
2.28179
2.29779
2.20015
2.29602
2.25671
2.33125
2.32435
2.28451
2.33632
2.27813
2.35930
2.26942
2.17540
2.24877
2.24578
2.20674
2.25321
2.25531
2.35500
2.27881
2.26998
2.28835
2.27405
2.27068
2.31775
2.22992
2.33586
2.29732
2.36439
2.38303
2.36045
2.39890
2.31802
2.43465
2.50141
2.41376
2.40713
2.43229
2.41474
2.39400
2.40071
2.46893
2.41554
2.40643
2.42834
2.29642
2.34006
2.39348
2.38218
2.35929
2.41678
2.35555
2.38713
2.41380
2.39624
2.29761
2.46041
2.46003
2.35424
2.35186
2.38599
2.33574
2.40449
2.45745
2.40665
2.37892
2.41727
2.34825
2.36211
2.42811
2.34807
2.43137
2.40857
2.34995
2.39327
2.39761
2.41159
2.36600
2.44071
2.43073
2.47699
2.40782
2.38095
2.46138
2.49904
2.44508
2.41438
2.41793
2.28336
2.31045
2.34939
2.37014
2.42679
2.47434
2.41441
2.45068
2.40815
2.53960
2.42295
2.29840
2.37705
2.37950
2.24834
2.32850
2.27187
2.41644
2.37339
2.32970
2.33447
2.25038
2.36784
2.35369
2.35079
2.48715
2.29696
2.34659
2.22619
2.21393
2.26487
2.32163
2.24927
2.35154
2.37511
2.21581
2.34757
2.30055
2.33794
2.26618
2.23878
2.24274
2.21969
2.25729
2.19965
2.26303
2.31739
2.25366
2.20879
2.25524
2.09145
2.18714
2.18266
2.11198
2.22558
2.23834
2.13573
2.19581
2.19889
2.25763
2.20144
2.22720
2.16533
2.19422
2.29902
2.24979
2.17586
2.16163
2.15078
2.18557
2.14945
2.12341
2.13393
2.11142
2.15622
2.13528
2.18635
2.10866
2.12233
2.12314
2.18023
2.23569
2.13212
2.14283
2.11986
2.12939
2.14817
2.19368
2.11983
2.17301
2.09741
2.16558
2.18688
2.08001
2.11856
2.10826
2.05398
2.13125
2.08755
2.14322
2.16100
2.11534
2.16096
2.10800
2.12719
2.02647
2.05842
2.12203
2.16661
2.14575
2.02078
2.13156
2.04707
2.17661
2.11310
2.13156
2.04272
2.02774
2.15543
2.03699
2.08194
2.08260
2.09712
2.13167
2.16679
2.15527
2.11578
2.12426
2.07313
2.08396
2.11818
2.02842
2.12904
2.13452
2.08841
2.08164
2.08653
2.24217
2.09424
2.12570
2.11889
2.12796
2.11112
2.10139
2.15595
2.18262
2.10943
2.16451
2.02349
2.08271
2.22094
2.17919
2.11303
2.09394
2.17441
1.98651
2.11848
2.09592
2.09946
2.03762
2.12977
2.06283
2.14259
2.04759
2.11878
2.06546
2.11348
2.06628
2.10057
2.17443
2.14816
2.14876
2.15735
2.13947
2.09947
2.11223
2.09842
2.10491
2.09168
2.16866
2.13687
2.13568
2.12043
2.00219
2.10392
2.19122
2.06482
2.05386
2.02186
2.18033
2.10136
2.15218
2.11501
2.21623
2.13509
2.11625
2.05037
2.09647
2.03578
2.12973
2.07495
2.16450
2.10961
2.15433
2.01687
2.16999
2.07118
2.00494
2.10820
2.15270
2.05002
2.07459
2.15477
2.13786
2.06568
2.07125
2.07832
2.03917
2.04673
2.05730
1.98007
2.12590
2.12642
2.09530
2.10618
2.09877
2.13683
2.02097
2.12316
2.07253
2.09789
2.01135
2.05661
2.00016
2.03370
2.10749
2.08888
2.02109
2.01645
2.06406
2.04662
2.11905
2.08464
2.05137
2.07219
2.11211
2.12483
2.09322
2.05528
2.06486
2.08306
2.08132
2.13084
2.01903
2.03993
2.05495
2.02982
2.16629
2.11916
2.09690
2.03665
2.07551
2.08278
2.02427
2.04107
2.05790
2.01033
2.06690
2.14948
2.12218
2.10627
2.01017
2.05803
2.12298
2.13188
2.06968
2.09095
2.10561
2.13883
2.07238
2.11621
2.08859
2.00849
2.04420
2.02593
2.05792
2.02980
2.06779
2.12422
2.09151
2.15207
2.06209
2.03759
2.00195
2.05745
2.12828
2.06694
2.12389
2.09669
2.05831
2.01316
2.09754
2.13147
1.99788
2.01150
2.01029
2.03044
2.09011
1.99680
2.09965
2.01192
2.09942
2.08991
2.09611
2.09133
1.98298
1.98944
1.98334
2.05633
2.01145
2.02547
1.96366
2.11791
2.11015
2.07374
1.99904
2.10564
2.01675
2.07678
2.07303
2.06475
2.04115
2.05029
1.99171
2.01102
2.05713
2.03434
2.01175
2.00894
2.04810
2.03614
2.06298
2.06240
2.08270
2.00575
2.04106
1.99526
1.98589
2.02748
2.00353
1.97876
2.00071
2.02751
2.06903
2.10367
1.98089
2.04759
2.01831
2.04491
2.09870
2.06216
2.03720
2.06324
2.05872
2.01508
2.11482
2.04095
2.08290
2.02826
2.05297
2.09677
2.08670
2.07378
2.06206
2.16278
2.09636
2.11932
2.15499
2.16873
2.14467
2.15607
2.16316
2.09438
2.07831
2.08153
2.10326
2.04000
2.14889
2.07255
2.05139
2.08437
2.07642
2.05406
2.13445
2.11688
2.07869
2.09148
1.97857
2.05213
2.06895
2.09499
2.02030
2.04895
2.06863
2.07035
2.19261
2.10179
2.10146
2.11397
2.03086
2.03841
2.08385
2.05969
2.07018
2.07911
2.02139
2.03519
2.04694
2.04448
2.04574
2.07115
2.07305
2.06471
2.09839
2.09053
2.13294
2.07470
2.09560
2.05028
2.12564
2.06007
1.98248
2.08039
2.02876
2.02204
2.03348
2.07905
2.12118
2.12020
2.09577
2.10093
2.02873
2.15064
2.05055
2.02914
2.09572
2.07101
2.08069
2.16036
2.06415
2.15652
2.03191
2.14291
2.07661
2.03834
2.05413
2.03903
2.03273
2.08244
2.05929
2.03710
2.03421
2.13622
1.99644
2.05196
1.99191
1.97188
2.01503
2.06699
2.03716
2.10637
2.02305
2.01923
2.13658
2.09948
2.08896
2.05324
2.15815
2.14002
2.10376
2.13030
2.11989
2.05367
2.07932
2.04592
2.07847
2.05745
2.09562
1.99250
2.03252
1.99783
2.12978
2.09915
2.13228
2.12391
2.11512
2.08906
2.01521
2.13445
2.12066
2.01155
2.02919
2.02310
2.10228
2.03452
2.04399
2.08039
2.11491
2.12675
2.10690
2.09744
2.01348
2.06571
2.13492
2.14205
2.27504
1.99388
2.07262
2.11966
2.05083
2.10140
2.07694
2.08158
2.08826
2.08631
2.08915
2.15028
2.05444
2.12557
2.07140
2.02412
2.12257
2.06615
2.08532
2.07726
2.13556
2.05097
2.14892
2.09119
2.16232
2.15638
2.11382
2.08161
2.04817
2.04535
2.05677
2.12209
2.14184
2.08656
2.01687
2.06086
2.12486
2.05601
2.05254
2.19310
2.11291
2.05856
2.05631
2.09754
2.16727
2.09671
2.11099
2.10330
2.14318
2.15746
2.21056
2.09425
2.10127
2.02971
2.24060
2.18009
2.10613
2.05111
2.14696
2.17654
2.12900
2.12697
2.14202
2.12517
2.09100
2.21114
2.15335
2.10419
2.05541
2.13512
2.17463
2.09684
2.09265
2.02272
2.05428
2.09392
2.05845
2.17350
2.06970
2.11498
2.08933
2.08166
2.10545
2.14260
2.08141
2.08806
2.07128
2.18993
2.21459
2.08156
2.09643
2.12503
2.04828
2.10447
2.07828
2.12604
2.07917
2.24200
2.05029
2.21725
2.04120
2.05823
2.06106
2.09944
2.03436
2.04024
2.14377
2.17081
2.19032
2.09749
2.18938
2.05077
2.05202
2.06465
2.08338
1.99078
1.98846
2.03844
2.04319
2.09676
2.13646
2.18336
2.10013
2.11834
2.05913
2.08921
1.99779
2.15972
2.10701
2.18827
2.12284
2.10682
2.16370
2.11066
2.11937
2.13594
2.07624
2.06900
2.04104
2.06303
2.04158
2.05394
2.10405
2.14176
2.12270
2.12705
2.07130
2.08530
2.07138
2.08702
2.12120
2.16743
2.11690
2.07638
2.12193
2.07210
2.06738
2.01454
2.08390
1.97029
1.95814
2.05537
2.08512
2.11049
2.08243
2.13058
2.08217
2.12748
2.04037
2.14035
2.12809
2.07442
2.05066
2.11809
2.11771
2.09109
2.05066
2.10271
2.31318
2.08764
2.11449
2.11750
2.09226
2.16333
2.13922
2.09133
2.06652
2.12125
2.12301
2.04790
2.06581
2.10563
2.08848
2.13746
2.07590
2.04744
2.08877
2.04333
2.06004
2.05453
2.14896
2.09437
2.09175
2.07072
2.15456
2.12852
2.06207
2.02089
2.00688
2.07129
2.10384
2.06803
2.04082
2.09408
2.10430
1.95016
2.03718
1.96938
2.10283
2.13708
2.09314
2.17802
2.12252
2.08008
1.94575
2.15218
2.08283
2.14629
2.04311
2.05350
2.01302
2.05578
2.04413
2.20461
1.97576
2.04839
2.11530
2.02115
2.12778
2.05218
2.08508
2.08978
2.13883
2.13468
2.09559
2.15783
2.05224
2.11290
2.10252
2.04523
2.06726
1.99871
2.07282
2.03812
2.12770
2.15357
2.02773
2.14691
2.11531
2.12833
2.07010
2.04346
2.11379
2.00115
2.14060
2.08372
2.00230
2.10548
2.14756
2.10615
2.02256
2.01491
2.06940
2.05876
2.12585
2.05178
2.11725
2.10894
2.06649
2.16568
2.11290
2.05752
2.06875
2.05430
2.11304
1.98049
2.09869
2.13488
2.03984
2.05112
2.14700
2.05774
2.16045
2.11481
2.09015
2.07315
2.10933
2.14387
2.13947
2.10078
2.07051
2.01331
2.07072
2.05606
2.07209
2.21368
2.03098
2.11485
2.03406
2.05929
2.16143
2.12007
1.98026
2.10010
2.03096
2.11488
2.05204
2.03619
2.05926
2.04893
2.04529
2.13815
2.15401
2.13292
2.08396
2.10569
2.04376
2.10203
2.02447
2.07109
2.13895
2.06431
2.12150
2.07195
2.06465
2.03316
2.14606
2.07437
2.01648
2.08317
2.10672
2.06748
2.05526
2.13703
2.15470
2.12328
2.08499
2.06965
2.06593
1.97607
2.07274
2.07349
2.06670
2.07041
2.08116
2.08272
2.11450
2.06890
2.07999
2.03821
2.11259
2.07564
2.01392
2.06238
2.02718
2.17270
2.12851
2.11267
2.11585
2.06028
2.05943
2.00470
2.12664
2.10366
2.14207
2.03465
2.09431
2.08476
2.10828
2.07360
2.06555
2.05348
2.09509
2.08853
2.06518
2.10916
2.06402
2.00821
2.09100
2.10810
2.05322
2.10562
2.11132
2.16421
2.07957
2.08715
2.07722
2.04051
2.02393
2.14139
2.00242
2.05832
2.11955
2.09617
2.07228
2.13882
2.09214
1.99428
2.10850
2.12510
2.18517
1.99280
2.08739
2.14033
2.13640
2.11051
2.05420
2.09708
2.10266
2.11801
2.11195
2.09097
2.09083
2.14679
2.09860
2.07830
2.10598
2.14671
2.13921
2.06264
1.97897
2.06375
2.02837
2.07771
2.10899
2.14805
2.10351
2.07899
2.09073
2.07243
2.07146
2.08938
2.08187
2.19987
2.07311
2.03979
2.16266
2.10164
2.08285
2.14888
2.07394
1.99967
2.15544
2.07971
2.09586
2.03995
2.09004
2.10616
1.97584
2.00366
2.08049
2.02799
2.08369
2.06931
2.12823
2.10248
2.15175
2.10582
2.09667
2.00776
2.13810
2.14760
2.03993
2.08784
2.07272
2.09244
2.05982
2.10352
2.09932
2.13695
2.05458
2.05373
2.13476
2.14613
2.11261
2.15116
2.06832
2.12388
2.07737
2.12082
2.14167
2.21287
2.14101
2.14159
2.06015
2.01289
2.03383
2.11342
1.96285
2.06986
2.07942
2.05697
2.03481
2.10517
2.06168
2.08412
2.09458
2.03836
2.10799
2.07934
2.01700
2.02221
2.04886
2.06542
2.01283
1.97480
1.97458
2.06563
2.06409
2.00970
2.06092
2.10917
2.01238
2.08154
2.09165
2.04080
2.12593
2.09062
2.04565
2.05421
2.03242
1.99827
2.04747
2.04397
2.07004
1.96298
2.08441
1.96955
2.04442
2.01652
1.96766
2.02444
2.13731
2.03252
2.17133
2.06328
2.02603
1.98159
2.09907
2.06241
2.03122
1.99738
1.94779
2.03635
2.06778
2.08192
2.05023
2.06724
2.07269
2.02209
2.03718
2.03931
2.07546
2.09192
2.02829
2.04078
2.08493
1.98238
2.09526
1.95567
2.01839
1.92386
2.03370
2.02491
2.01159
2.06377
2.07775
2.07906
1.99834
1.99676
2.08954
1.96436
2.01127
2.03132
1.98999
2.05363
2.04040
2.00393
2.06061
2.03597
2.02385
2.07612
2.04260
2.02918
2.06471
2.08416
2.04788
2.10358
2.02565
1.98329
2.00718
1.99462
2.05004
2.11076
2.01527
2.07734
2.02405
1.96888
2.06555
2.01185
1.99550
2.13117
2.06986
2.03464
2.03577
2.02930
2.05023
2.03520
2.07873
2.04585
1.92897
2.02521
2.10808
2.12407
2.05096
2.04674
2.03719
2.09069
1.97747
2.05880
2.09288
2.13230
2.06442
2.09475
2.03425
1.97568
2.08632
2.11793
2.04890
2.08953
2.07172
2.04211
2.07599
1.96728
2.09788
2.07358
2.04313
2.02738
2.08825
2.00543
2.02777
1.98429
2.04552
2.02978
2.05406
2.05328
2.03597
2.03504
1.96626
2.03214
2.03466
2.02320
1.99616
2.01941
2.02848
1.95816
2.06317
2.08560
2.02476
2.11041
2.09932
2.02586
2.05157
2.07961
2.05820
2.08704
2.08157
2.04676
2.13833
2.06720
2.07579
2.06596
2.06335
2.14767
2.08989
2.01511
2.02255
2.10484
2.02150
2.09238
2.13706
2.02245
2.00953
2.09383
2.04469
2.03760
2.08024
2.04264
1.93191
1.97859
2.06902
2.03890
2.00796
2.01175
2.09968
2.03407
2.01135
2.07570
2.01402
2.11498
2.03624
2.13059
2.05642
2.01912
2.07766
2.00649
1.99254
2.09832
2.02304
2.04596
1.99714
2.05908
2.00421
2.13001
2.07477
2.06963
2.13062
2.03719
2.12233
2.09680
2.01432
2.09163
2.04310
2.08963
2.09712
2.12273
2.03924
2.12200
2.13226
2.04271
2.06504
2.07372
2.10379
2.03014
2.04419
2.05510
2.04613
2.06994
2.08358
2.00336
2.04782
2.00933
2.14200
2.04090
2.13133
2.06624
2.05143
2.05302
2.10060
2.09027
2.02096
2.06356
2.02017
2.02512
1.96649
2.03505
2.04182
2.10680
2.19664
2.13268
2.10544
2.14135
2.08747
2.05366
2.11733
2.09063
2.15030
2.13449
2.17389
2.17236
2.05845
2.15805
2.05142
2.03025
2.11180
2.05074
2.18390
2.22612
2.07056
2.15209
2.14620
2.16560
2.13064
2.15141
2.13720
2.16832
2.20555
2.05607
2.13819
2.08594
2.23761
2.13826
2.07683
2.13604
2.16652
2.12486
2.07309
2.10418
2.16613
2.12974
2.18602
2.20161
2.09181
2.07491
2.07659
2.07711
2.09471
2.14187
2.11616
2.08850
2.13931
2.10014
2.18448
2.08380
2.04121
2.07239
2.15314
2.09481
2.01935
2.05647
2.09120
2.09146
2.06568
2.05802
1.99109
2.05482
2.06843
2.20154
2.05323
1.96769
1.98332
2.03992
2.05975
2.03024
2.15798
2.17411
2.09492
2.15407
2.01669
2.12019
2.17564
2.02645
2.06018
2.14107
1.99507
2.16060
2.06014
2.02679
2.13015
2.10327
1.99583
2.06318
2.09651
2.17457
2.05281
2.10375
2.05117
2.08928
2.11839
2.12821
2.04909
2.02984
2.08118
2.11486
2.12213
2.18274
2.16457
2.13778
2.13150
2.18155
2.19660
2.13641
2.16153
2.22783
2.17463
2.23822
2.43806
2.23925
2.24702
2.17888
2.21588
2.35967
2.16142
2.23812
2.20902
2.21126
2.23303
2.22304
2.17477
2.20192
2.28188
2.22486
2.28571
2.31975
2.24328
2.25340
2.18290
2.27681
2.21370
2.24968
2.15371
2.09916
2.13082
2.19783
2.05730
2.12911
2.09056
2.11384
2.08898
2.16735
2.15916
2.09507
2.12526
2.10988
2.12318
2.09239
2.06788
2.15415
2.12732
2.06917
2.12074
2.12144
2.19477
2.05551
2.16227
2.17563
2.14582
2.11800
2.12783
2.08569
2.09877
2.20394
2.13350
2.12445
2.12027
2.17857
2.11524
2.15435
2.13450
2.08177
2.13773
2.16059
2.21274
2.13430
2.10746
2.16855
2.13142
2.14084
2.16432
2.09008
2.11902
2.13505
2.20603
2.14748
2.20850
2.12149
2.19162
2.14924
2.15870
2.19905
2.20831
2.16963
2.22791
2.16637
2.18255
2.14479
2.24062
2.17430
2.22337
2.25319
2.25174
2.18945
2.25386
2.24679
2.23529
2.26747
2.18282
2.28427
2.29815
2.25699
2.26484
2.21481
2.27937
2.29640
2.22771
2.19004
2.27708
2.31185
2.32054
2.25943
2.28165
2.36098
2.30712
2.34406
2.41737
2.25296
2.31463
2.42353
2.23763
2.19149
2.24606
2.18280
2.26904
2.33245
2.25634
2.25363
2.23116
2.33192
2.25739
2.26059
2.29849
2.23245
2.26507
2.22881
2.20417
2.19321
2.35185
2.22351
2.18462
2.29249
2.32815
2.24720
2.29105
2.49430
2.26796
2.23789
2.15830
2.19396
2.31971
2.20079
2.11555
2.32101
2.29569
2.18145
2.30046
2.24468
2.26061
2.31315
2.24491
2.36493
2.23785
2.22054
2.13638
2.23652
2.19562
2.24989
2.14526
2.17723
2.20086
2.19624
2.22271
2.35453
2.25705
2.15699
2.20129
2.22330
2.22969
2.17636
2.28220
2.23120
2.25601
2.26286
2.22478
2.19177
2.29255
2.19630
2.22782
2.25393
2.22386
2.29320
2.28143
2.23721
2.23774
2.24303
2.26861
2.27531
2.28201
2.23231
2.22139
2.44297
2.32033
2.22871
2.11787
2.15163
2.28478
2.24944
2.23844
2.25131
2.12078
2.24744
2.18384
2.20293
2.18547
2.21134
2.16385
2.17990
2.21288
2.23328
2.16230
2.20054
2.17459
2.31080
2.26989
2.17468
2.16100
2.19466
2.21447
2.29303
