1.222  
0.709  
0.440  
0.252  
0.131  
0.355  
0.391  
0.238  
0.291  
0.526  
0.842  
1.782  
2.050  
2.135  
2.494  
2.905  
4.111  
4.473  
4.767  
6.003  
5.990  
6.051  
8.128  
8.170  
8.231  
10.734 
11.749 
11.322 
11.785 
12.795 
14.810 
15.428 
16.599 
16.269 
18.489 
19.477 
23.914 
24.060 
22.769 
23.778 
24.436 
26.363 
26.663 
28.134 
31.450 
32.792 
36.941 
32.899 
34.884 
38.426 
119.549
55.583 
47.374 
47.951 
49.127 
49.960 
48.789 
50.259 
43.783 
52.158 
46.881 
47.595 
46.923 
57.387 
49.147 
49.145 
58.433 
53.670 
53.878 
52.024 
57.085 
50.766 
56.558 
55.685 
64.242 
52.789 
49.775 
56.662 
57.634 
57.827 
53.918 
58.562 
54.218 
60.106 
55.056 
56.722 
62.002 
57.451 
56.263 
67.435 
55.949 
62.063 
69.353 
59.143 
60.759 
70.121 
101.529
63.226 
61.625 
63.952 
58.335 
57.264 
65.813 
59.196 
63.018 
69.176 
77.813 
78.236 
71.858 
85.133 
138.938
86.603 
83.860 
82.997 
86.507 
87.175 
186.001
153.184
105.924
101.686
103.394
103.849
97.332 
95.336 
121.582
109.691
107.607
108.186
95.368 
119.198
117.963
126.599
122.065
114.739
117.040
116.087
101.863
122.313
144.737
128.209
129.262
120.931
131.812
140.465
128.721
178.778
169.301
142.881
140.615
138.792
164.479
181.122
153.739
154.694
156.948
191.800
162.889
161.458
154.239
179.663
210.656
198.282
179.699
179.202
175.720
186.031
224.135
190.726
163.509
175.140
167.753
738.742
1630.51
410.457
307.149
246.083
258.688
254.912
234.543
249.381
244.795
228.380
242.578
256.824
236.585
241.835
247.267
260.981
243.393
228.048
227.694
204.894
220.640
228.368
210.931
217.454
195.396
204.452
224.512
226.907
208.466
219.051
215.780
188.037
222.493
240.912
198.660
204.993
215.944
214.320
203.439
175.991
271.683
203.076
186.792
186.092
167.884
206.363
177.270
183.488
184.380
175.763
223.996
171.858
186.705
184.072
214.559
200.767
186.473
167.635
176.618
183.985
194.963
309.034
216.793
181.910
173.543
184.705
173.714
168.529
171.473
180.017
183.463
259.495
200.350
185.470
174.379
180.120
234.022
205.277
192.679
173.907
183.356
208.414
175.965
192.578
178.272
184.781
194.370
195.045
201.524
175.852
177.477
186.105
178.604
212.213
184.393
191.351
199.186
202.085
197.689
177.634
211.107
214.866
190.993
220.385
180.844
172.463
169.625
180.670
189.278
186.061
196.457
211.083
200.454
186.621
200.189
176.422
186.064
212.187
175.475
190.682
185.713
191.506
250.542
182.217
199.328
175.660
165.637
175.809
174.944
176.883
244.805
269.908
249.190
257.094
290.754
279.298
216.551
219.699
250.741
243.439
234.807
262.703
234.950
235.410
263.269
245.777
240.927
248.462
247.967
230.003
239.412
259.910
237.702
244.878
234.808
212.796
245.815
228.842
191.022
242.034
230.011
216.731
207.979
240.864
202.938
235.697
200.524
245.101
233.433
213.664
213.574
244.596
227.864
236.940
303.375
439.612
285.564
235.357
230.410
234.377
210.323
232.461
226.005
211.742
221.156
257.944
234.178
228.729
215.921
241.972
224.911
234.234
232.460
261.721
254.452
221.982
228.159
240.744
229.711
311.627
279.029
243.718
240.913
231.849
256.012
230.434
273.129
247.991
237.416
237.065
313.779
357.252
236.128
219.183
234.631
247.856
251.352
268.314
253.343
259.647
258.819
264.072
250.260
261.869
305.043
276.269
278.019
267.423
282.541
266.531
305.877
282.832
326.641
357.634
288.621
312.477
270.006
290.743
300.102
344.736
325.259
306.700
310.838
308.117
346.531
335.316
313.378
274.206
285.543
327.332
314.407
314.158
316.709
314.568
277.948
320.398
272.421
297.981
283.259
266.918
244.289
244.104
351.898
296.947
278.524
277.039
232.103
249.616
280.371
271.948
264.309
245.081
267.729
283.561
248.672
249.105
229.116
236.520
260.722
266.488
249.227
236.175
274.888
254.377
240.054
261.623
252.203
209.257
256.389
250.043
252.905
267.396
292.063
284.437
285.702
285.473
346.239
294.264
304.274
291.378
278.931
285.549
289.185
303.004
361.887
328.295
305.946
302.502
300.956
313.669
275.550
284.639
333.913
295.089
328.339
342.752
356.868
352.736
2969.65
1314.90
687.976
532.922
490.907
462.435
485.863
499.092
436.904
418.198
471.203
424.916
468.818
442.845
499.733
454.856
468.398
472.516
480.430
458.946
508.553
455.760
533.325
484.490
470.087
449.634
456.107
446.556
438.259
443.655
455.951
476.882
455.765
466.807
463.166
467.424
410.542
522.825
439.949
372.260
441.045
380.763
436.149
443.697
414.164
418.723
434.759
417.948
407.222
408.833
383.077
362.071
371.033
373.236
390.355
375.333
390.400
450.125
368.648
425.335
380.197
385.191
408.332
367.550
400.538
398.855
392.029
419.100
366.954
456.151
394.486
342.349
352.795
359.946
428.062
449.520
420.302
368.022
378.188
430.264
417.075
423.502
415.935
394.298
401.007
388.396
379.895
412.443
342.394
351.521
343.225
386.602
344.184
353.489
335.990
493.571
480.125
386.069
376.129
354.932
335.945
360.933
357.837
367.309
356.399
342.010
331.497
340.604
333.563
342.148
348.647
370.446
349.908
325.621
374.146
331.943
336.988
328.732
321.980
399.595
372.832
331.754
329.721
315.208
336.487
339.555
322.450
353.914
340.481
362.660
327.472
355.901
325.585
379.075
417.774
356.985
357.256
344.552
351.412
341.418
311.425
418.751
362.191
349.921
332.028
303.751
308.160
306.086
304.263
319.442
304.834
273.018
302.867
284.345
288.333
283.513
310.016
304.221
311.897
283.139
321.409
299.446
294.336
275.504
366.940
306.812
325.630
291.484
307.461
287.940
297.474
305.563
314.692
350.621
294.775
281.632
312.270
323.723
306.692
309.869
299.321
298.014
314.508
328.053
321.452
273.271
305.025
285.721
302.527
280.999
297.259
294.621
307.631
290.881
320.157
304.970
303.911
331.740
310.575
307.673
400.313
353.934
342.649
346.084
301.385
345.971
352.758
344.533
344.592
359.517
354.584
373.437
333.541
337.454
324.866
303.612
307.066
311.597
265.444
304.676
291.169
319.857
297.115
278.163
292.376
334.457
298.034
290.027
280.616
280.168
272.610
299.229
302.857
289.815
302.994
320.208
336.196
299.552
284.973
338.234
302.685
343.337
321.925
285.686
342.074
372.927
342.940
308.606
300.927
328.278
333.517
348.876
340.201
302.020
320.713
331.000
297.513
341.616
335.518
302.956
301.141
290.702
307.738
314.275
318.232
350.593
325.651
316.593
305.881
321.393
407.261
349.329
305.727
324.095
290.534
326.394
332.669
286.398
319.546
334.086
328.728
317.626
344.520
338.541
370.599
386.941
356.245
375.162
349.979
400.843
395.876
345.842
352.915
404.494
387.876
392.656
359.662
368.614
397.979
398.366
355.396
364.913
379.112
413.204
423.049
392.904
410.463
347.715
405.498
388.492
384.305
438.111
380.114
385.453
371.328
348.471
376.190
398.460
362.597
346.292
395.373
399.883
397.864
369.830
379.440
353.090
441.205
383.461
358.909
341.562
320.442
364.965
347.753
343.098
333.814
346.315
293.442
340.351
380.737
311.259
294.697
318.780
295.691
337.995
293.981
404.846
389.307
414.421
308.922
313.201
300.647
307.076
291.522
267.646
295.308
261.344
273.834
229.414
288.708
304.562
287.531
336.941
295.140
315.001
274.188
316.661
312.524
297.675
325.672
296.441
301.060
303.982
323.238
317.420
318.855
336.491
332.741
330.349
329.914
295.863
316.295
299.087
311.163
324.133
320.836
286.378
281.209
281.739
303.103
279.552
267.716
295.502
289.038
255.483
244.550
267.332
276.376
269.450
265.730
254.491
302.629
294.657
287.969
273.925
271.662
276.059
258.150
282.082
281.161
292.835
275.977
312.361
307.844
327.703
287.837
295.548
312.957
300.903
291.716
306.107
302.550
295.989
259.570
269.273
293.914
284.369
273.566
296.416
307.642
270.703
247.888
286.747
298.509
276.314
258.688
269.172
289.769
261.168
278.001
289.549
293.888
295.317
258.712
260.254
256.656
251.517
244.731
261.356
263.955
288.646
274.306
264.941
244.647
270.096
265.355
316.211
272.482
268.325
303.667
296.927
271.601
262.254
255.980
251.663
295.863
253.221
241.632
259.051
260.253
315.791
236.374
242.725
255.456
229.132
255.300
277.970
254.099
240.306
262.102
262.699
255.195
244.751
284.942
290.452
239.861
254.440
240.723
250.223
227.923
258.643
256.693
235.680
243.830
239.137
360.823
326.952
258.202
256.350
261.027
224.485
232.462
249.692
251.118
246.445
256.367
229.938
236.164
249.314
291.465
265.020
257.052
266.910
252.880
248.444
243.238
254.313
232.197
260.731
238.111
264.863
246.015
267.084
235.830
275.123
291.332
264.055
259.376
262.403
277.696
317.713
323.686
390.071
351.649
320.471
282.179
252.151
295.268
275.407
302.416
282.742
255.541
282.583
285.926
273.043
303.227
273.841
279.388
262.011
276.589
308.089
292.192
296.566
288.879
295.203
316.929
318.099
340.027
304.370
346.459
321.492
311.529
297.098
332.350
310.008
328.120
316.447
302.375
303.870
283.472
294.725
327.179
313.513
293.952
296.712
308.116
366.669
324.758
303.559
294.750
347.535
294.527
290.914
337.900
1319.67
824.924
481.812
397.104
407.591
375.687
332.472
368.020
337.912
309.881
299.811
321.723
334.356
297.132
343.082
312.929
295.610
350.815
325.995
348.840
329.026
333.447
312.834
319.381
350.319
339.972
348.120
312.229
318.946
329.344
290.962
318.025
266.346
301.667
318.856
301.624
291.430
323.146
286.378
278.767
309.816
305.309
314.857
284.378
287.483
285.213
294.649
283.759
286.763
297.422
301.424
305.956
267.713
263.145
298.906
273.007
242.498
270.330
262.672
277.104
295.768
276.659
290.503
258.673
271.586
275.275
281.624
276.657
273.084
259.517
285.988
274.206
271.369
273.220
228.897
231.693
265.167
275.799
235.224
359.245
315.208
250.493
245.654
229.970
316.194
342.283
296.316
254.320
253.869
255.833
237.594
271.214
390.780
248.259
270.618
236.568
250.383
256.984
236.883
325.870
291.947
254.371
270.580
264.805
325.963
639.600
315.633
261.863
276.851
275.472
269.088
301.153
250.620
287.989
281.929
254.400
273.427
270.066
278.051
287.055
243.591
266.081
267.046
305.214
309.055
281.365
297.583
315.504
305.115
314.872
320.076
336.295
303.060
343.357
317.982
322.035
329.901
302.961
323.872
320.391
338.756
329.194
289.934
300.259
313.763
307.401
326.484
334.886
323.800
303.521
333.203
315.030
330.665
333.838
317.996
300.652
320.718
315.120
330.479
368.764
313.220
314.418
306.387
311.780
278.772
265.395
310.769
286.387
303.215
278.274
313.510
274.816
300.856
318.799
289.493
273.151
273.891
265.470
284.804
302.700
310.384
285.288
270.475
241.651
257.702
286.606
304.267
299.460
316.236
256.314
274.326
265.661
283.748
268.327
273.307
267.190
305.370
279.626
266.035
311.377
287.450
278.108
280.024
290.751
302.318
272.391
283.923
256.939
277.530
274.274
296.835
287.691
300.083
282.843
250.225
297.607
274.906
270.233
271.854
301.893
272.351
280.527
313.689
254.042
272.749
256.088
279.187
273.986
259.055
243.362
271.663
246.652
244.307
236.634
240.852
322.775
294.126
245.823
244.554
288.125
308.278
265.053
267.321
277.559
277.087
265.404
244.127
273.290
288.250
248.615
280.174
296.247
252.825
286.930
290.864
300.716
295.612
250.253
299.986
272.161
275.724
251.048
279.517
295.271
290.058
293.793
294.994
286.571
291.302
309.057
299.078
288.187
305.673
294.149
290.439
296.552
303.611
284.380
279.389
272.362
253.931
283.916
308.872
322.662
284.898
270.921
248.213
267.474
247.432
243.863
261.023
285.315
284.408
241.932
247.174
273.727
303.547
288.708
263.094
322.390
289.202
281.063
261.788
268.354
284.973
275.224
260.475
264.368
250.794
258.715
252.704
253.216
315.943
268.391
291.800
264.117
260.144
252.329
238.117
285.933
265.624
282.994
250.937
250.846
245.997
229.050
241.185
267.140
251.707
224.605
232.880
253.749
239.929
234.840
244.634
248.146
231.230
255.777
236.801
272.788
220.872
277.453
258.196
238.650
275.373
230.184
338.729
287.886
287.788
264.688
264.908
249.603
256.157
282.879
289.877
285.764
290.773
249.675
283.444
427.083
293.209
239.787
241.200
243.174
280.311
307.055
275.278
265.882
261.309
278.298
229.611
253.066
268.783
246.956
330.563
276.907
245.172
255.655
300.961
283.854
242.666
255.192
234.260
235.794
261.745
268.734
271.589
280.913
299.659
282.729
254.830
305.564
273.260
292.981
299.471
299.964
280.739
278.578
257.487
253.908
348.012
287.682
283.461
251.850
250.705
254.052
279.270
267.089
261.419
258.428
263.329
262.408
239.698
264.217
271.420
238.166
276.236
287.600
254.490
257.432
263.559
266.646
263.071
258.464
268.879
315.206
303.268
254.979
243.745
234.876
227.239
231.053
247.250
223.047
221.932
215.519
243.966
214.269
228.551
222.624
218.742
243.905
271.230
219.427
227.327
227.855
254.003
231.122
237.446
230.750
238.587
263.795
216.683
226.378
224.652
239.146
223.300
235.299
233.448
244.843
260.403
248.212
215.204
249.634
245.662
231.970
228.700
227.243
233.527
227.106
232.412
239.705
241.492
235.864
234.465
232.956
219.508
236.228
230.195
241.357
251.011
243.850
239.576
218.528
252.767
245.124
248.613
235.742
244.238
263.460
256.497
244.045
266.214
230.133
238.418
249.262
239.171
254.389
252.867
250.367
288.426
252.255
235.902
200.724
228.068
213.366
218.157
205.702
217.395
224.288
221.618
214.983
219.381
216.133
217.264
218.955
222.541
211.407
226.181
221.907
275.323
261.870
231.807
219.354
259.905
219.164
231.319
250.764
227.838
233.606
266.017
243.345
253.496
262.251
257.600
234.280
234.325
222.697
249.609
246.703
240.500
257.592
277.634
233.197
263.883
233.000
255.467
215.770
207.840
203.457
223.125
237.140
244.234
224.858
249.466
249.988
261.782
252.638
223.737
260.971
234.268
284.831
262.739
280.875
243.122
231.992
241.255
259.532
222.199
228.331
247.800
277.340
266.171
246.460
257.778
232.783
302.741
320.308
272.611
254.202
246.964
257.921
231.703
250.659
293.593
302.132
277.606
237.020
245.559
253.696
282.675
262.799
261.164
265.987
252.724
222.257
237.380
241.839
232.219
258.308
241.504
242.511
240.675
232.378
221.935
248.979
237.901
248.589
245.853
277.859
247.408
241.075
249.489
252.978
237.220
249.342
261.359
219.520
235.751
239.637
723.371
1305.53
481.003
320.808
280.942
277.026
266.647
280.072
255.371
274.538
276.695
240.367
268.858
270.607
253.781
236.564
267.818
242.945
259.259
244.673
242.356
239.289
237.205
252.954
246.540
260.118
248.182
248.202
244.431
236.699
272.501
239.122
238.936
232.222
254.435
239.363
221.574
226.816
217.545
244.701
258.320
223.698
250.311
248.736
260.430
233.543
238.793
251.453
242.483
256.662
270.180
284.476
245.696
251.975
224.946
223.737
225.763
227.017
266.689
227.024
215.107
251.180
248.903
248.883
328.775
258.559
241.108
251.869
365.170
382.819
277.860
243.630
262.056
235.538
237.072
279.846
242.100
258.146
255.894
284.657
248.390
292.880
300.614
249.528
266.127
298.774
252.278
265.293
277.323
263.258
244.378
296.666
303.293
238.033
258.396
252.744
218.400
234.863
254.021
238.092
242.708
255.518
208.878
222.563
234.786
236.721
262.238
266.107
235.168
238.771
251.823
218.789
251.603
216.081
222.060
220.943
194.046
229.556
219.354
210.108
246.726
284.853
254.277
225.333
195.730
223.709
256.950
235.742
209.302
219.000
229.040
237.384
231.481
240.159
247.118
229.704
227.301
233.860
226.950
216.120
236.077
221.838
252.401
218.561
242.572
244.830
245.899
246.437
243.128
235.921
214.823
263.693
241.058
260.762
218.277
234.159
231.781
229.798
296.278
255.010
257.854
217.390
266.184
248.487
231.129
235.556
227.316
244.933
273.527
242.425
247.452
260.126
282.479
280.229
258.054
238.113
239.567
236.936
244.935
224.171
233.825
244.483
323.217
239.834
235.321
236.687
215.489
242.235
241.089
213.391
231.658
215.269
252.547
217.890
219.200
235.460
248.463
230.704
253.063
297.905
244.672
250.464
239.413
236.030
234.302
249.388
221.374
229.355
234.267
207.459
249.479
283.465
256.404
286.829
300.901
302.966
285.835
250.475
264.141
296.460
338.952
271.791
256.615
305.654
293.952
307.977
281.141
255.085
295.533
335.908
354.186
272.603
235.152
278.422
275.909
283.070
236.613
257.075
286.678
311.099
310.403
247.984
248.479
224.658
257.590
351.570
285.723
263.079
255.781
272.821
265.176
283.080
247.016
282.995
300.554
265.606
261.633
254.301
283.929
264.321
269.274
230.002
252.147
271.144
268.954
281.555
259.071
293.038
269.534
269.378
286.095
316.348
318.378
329.554
315.574
289.421
339.326
314.315
340.915
305.220
310.709
341.549
338.774
318.961
315.913
313.708
354.020
331.891
338.383
305.426
300.701
300.666
417.378
362.509
319.380
284.445
323.346
321.243
283.648
317.191
290.197
357.246
286.013
307.252
303.218
303.417
326.926
354.036
340.119
386.059
360.668
355.906
342.889
284.524
345.384
299.842
274.644
270.282
317.588
312.312
294.501
291.637
300.155
338.003
315.981
352.154
284.016
313.398
295.836
319.342
324.523
287.834
322.084
305.404
316.525
281.234
289.467
276.129
308.351
293.343
266.210
243.483
295.415
304.210
303.410
288.822
290.944
301.283
301.445
267.117
319.898
296.835
306.494
320.245
279.275
274.034
292.020
275.211
259.896
256.539
253.641
272.463
261.377
255.363
275.823
271.298
301.546
285.502
254.560
272.815
261.848
321.511
280.424
282.755
285.184
269.103
289.803
311.616
294.291
270.810
277.770
252.397
278.483
267.074
270.544
253.158
260.433
334.667
655.910
349.537
269.909
267.299
270.302
254.728
253.203
282.604
274.044
318.727
265.895
270.203
298.233
307.397
271.258
283.857
281.815
286.867
299.390
277.871
296.810
277.126
282.809
252.225
286.586
293.121
303.802
288.987
288.739
288.967
283.058
280.031
274.453
275.369
290.471
282.749
281.295
285.023
268.984
291.155
274.774
309.159
284.137
314.121
282.516
299.261
293.333
304.182
262.003
323.226
259.843
309.373
290.768
302.239
295.603
274.115
280.193
293.987
312.571
308.326
281.890
254.837
258.716
275.420
272.819
273.832
298.489
291.322
247.990
260.383
264.563
261.444
264.716
257.269
293.958
291.998
262.695
314.987
303.520
268.488
278.961
306.021
291.429
251.089
293.038
272.991
288.045
278.528
306.159
266.014
278.438
266.461
280.007
276.140
261.504
261.248
272.909
247.262
296.726
296.506
274.016
266.008
272.125
257.079
283.835
277.445
311.163
284.535
302.138
284.866
315.284
294.058
282.294
283.942
261.753
289.587
285.416
295.516
303.027
265.883
355.816
322.092
284.572
279.098
280.247
273.022
251.409
291.610
288.384
273.324
265.716
265.223
274.731
271.585
305.960
261.933
275.473
251.958
297.106
276.611
268.815
243.742
289.610
270.945
271.317
241.406
269.769
267.535
256.175
281.311
248.257
260.527
254.836
260.144
238.236
298.951
259.450
259.687
266.758
283.907
295.738
255.130
227.088
255.475
255.484
408.430
290.357
254.074
260.283
242.548
224.187
275.091
254.080
264.993
228.023
257.793
237.019
250.791
242.869
265.681
234.373
246.931
236.853
276.467
256.082
269.746
247.229
254.030
241.789
240.656
241.485
259.506
280.337
322.364
271.149
286.443
265.928
291.308
269.118
282.994
275.341
268.371
265.148
288.101
314.403
272.194
252.915
224.309
403.791
338.069
265.028
234.658
252.740
265.110
243.126
251.447
237.626
257.967
256.673
228.672
254.942
245.084
295.406
269.709
281.301
262.631
258.749
287.745
285.680
294.462
310.860
278.540
279.535
283.361
253.600
248.739
270.301
233.602
241.853
248.701
289.788
303.928
254.773
249.012
272.972
243.141
296.774
266.750
227.331
226.624
217.328
236.263
246.167
255.822
259.943
255.397
267.364
254.702
264.847
225.811
252.340
244.166
221.822
248.812
227.321
232.410
239.585
234.745
235.003
244.974
234.871
233.368
234.867
239.442
264.018
259.680
234.521
250.506
354.450
256.019
265.721
249.616
245.276
271.599
253.785
274.305
237.118
270.419
275.401
264.475
277.450
294.507
278.539
279.851
272.644
247.448
280.554
305.779
284.177
267.855
281.209
296.962
321.360
247.543
268.544
275.478
255.561
302.371
276.291
270.498
264.479
264.772
258.031
273.347
411.244
3375.60
1709.92
635.640
445.589
404.219
356.877
383.762
366.345
380.794
355.055
341.412
373.036
364.614
310.057
371.246
335.368
348.282
398.947
310.295
343.454
333.375
339.119
323.095
274.669
320.949
322.615
309.283
295.542
348.590
332.113
308.615
360.341
283.968
334.292
319.519
291.740
284.226
304.385
290.812
376.550
292.696
288.799
281.468
277.318
294.385
295.039
293.172
306.766
273.786
290.138
288.015
322.895
273.508
262.384
286.524
266.191
311.519
285.475
257.301
312.154
299.218
339.679
269.596
255.203
253.676
242.961
266.414
273.349
298.107
281.337
270.948
276.324
275.011
295.648
278.352
278.114
249.707
254.937
257.768
262.934
273.976
273.806
253.198
271.841
306.884
283.709
262.203
268.537
277.307
281.555
255.850
269.878
294.607
253.471
262.152
274.551
253.730
277.269
273.713
272.352
266.152
275.434
246.815
260.694
245.101
270.431
259.450
269.810
276.730
279.050
340.386
276.341
255.755
258.185
276.212
