-7.773 
-10.839
-7.894 
-5.283 
-2.579 
0.510
2.886
5.840
8.594
11.124 
14.080 
16.069 
19.387 
21.751 
24.220 
26.578 
29.439 
31.153 
33.508 
35.737 
37.338 
39.729 
41.450 
43.271 
45.824 
47.651 
49.178 
50.820 
52.475 
53.805 
54.432 
57.966 
59.193 
61.210 
62.719 
65.016 
67.355 
68.384 
69.912 
71.662 
73.516 
75.095 
78.112 
78.547 
80.601 
81.319 
82.957 
84.796 
85.935 
89.403 
96.288 
100.907
101.926
103.026
103.579
103.776
103.675
104.462
104.169
105.622
105.178
104.289
105.547
104.362
105.998
106.067
104.971
107.011
107.406
107.678
110.553
109.761
111.539
108.977
110.752
110.833
111.592
111.525
110.996
112.172
113.603
113.100
112.450
113.393
112.765
112.421
111.330
113.532
115.831
115.047
116.510
115.684
117.711
118.765
119.202
121.208
122.879
122.522
123.824
124.725
125.575
125.638
126.312
129.752
130.987
131.057
136.252
135.956
134.469
134.552
135.418
137.478
136.188
138.224
140.529
139.656
137.432
141.500
143.901
145.106
144.719
146.043
146.316
148.705
149.657
148.738
149.697
151.881
153.279
158.941
156.210
158.045
160.199
161.996
163.599
163.366
162.414
164.867
169.726
168.696
170.135
168.312
172.486
175.036
178.595
184.856
184.690
187.955
190.846
193.190
198.884
201.490
203.516
205.393
207.545
211.768
213.272
216.889
218.982
221.041
219.331
228.447
228.934
229.225
229.874
232.192
232.477
233.952
236.118
235.991
236.675
244.919
265.831
271.517
272.979
273.039
273.721
274.963
272.969
272.483
272.141
272.522
271.241
270.657
270.599
270.458
269.536
267.162
266.622
265.452
262.055
262.194
259.857
259.243
258.579
256.590
255.526
253.603
252.816
250.931
250.745
247.132
245.772
245.888
245.038
245.220
241.254
238.675
237.822
234.587
229.633
227.540
225.964
227.304
223.911
223.848
221.748
218.529
217.355
216.437
215.507
217.373
214.933
213.768
211.694
210.867
207.284
209.341
207.984
209.652
208.821
207.745
204.918
203.792
206.136
207.330
205.433
204.474
204.457
204.123
203.825
201.526
202.596
199.659
202.128
200.234
201.463
200.353
203.401
198.073
198.595
199.633
198.271
199.028
199.045
198.768
198.145
197.216
197.603
197.003
196.121
198.011
199.280
199.495
200.319
199.899
199.217
201.529
199.804
201.940
202.156
206.486
204.726
203.190
203.306
201.145
204.906
206.527
204.703
205.922
206.755
205.547
205.976
204.949
204.182
204.739
203.563
205.958
209.184
203.784
205.200
203.473
204.481
204.062
204.037
204.092
202.393
203.892
204.800
204.850
203.114
203.480
208.867
221.264
227.202
232.154
232.539
235.515
236.447
239.589
239.979
240.274
238.501
240.286
242.151
243.972
244.519
241.998
240.715
242.475
243.602
243.611
242.258
241.287
242.142
240.479
239.358
237.138
238.660
237.747
238.648
239.910
237.924
239.693
237.025
237.280
235.649
234.119
233.165
234.527
233.089
229.029
232.360
232.991
232.919
232.821
232.394
236.281
236.376
238.114
237.787
239.896
239.269
241.096
240.832
242.672
244.359
244.165
243.439
244.045
243.616
244.744
243.460
243.202
243.394
242.664
245.462
246.911
243.984
245.215
247.898
245.385
245.670
244.080
242.723
241.786
240.480
241.557
243.463
240.618
242.021
242.945
237.921
246.314
245.615
244.914
246.989
249.159
249.373
249.985
253.131
253.797
255.859
256.371
257.097
259.408
262.635
265.438
264.782
263.956
266.167
269.438
275.369
281.032
284.121
284.286
283.252
281.898
284.588
287.611
288.234
290.174
291.026
292.387
293.176
295.617
297.691
299.013
298.336
301.692
303.695
302.405
301.817
301.287
298.869
296.509
296.455
294.518
293.014
291.597
286.732
285.935
282.529
281.194
284.017
278.139
282.030
279.897
279.632
279.406
278.485
277.228
277.166
276.673
274.262
275.627
272.080
270.325
268.903
265.887
265.808
266.619
267.467
267.322
263.434
260.558
259.883
258.884
258.464
258.312
262.119
260.634
264.381
265.054
265.517
268.320
273.156
278.013
282.094
284.721
289.490
292.830
294.158
294.793
295.725
295.231
297.716
298.820
299.726
300.834
302.938
305.514
305.759
307.181
309.146
311.728
311.232
315.287
315.844
315.411
298.133
333.770
342.967
350.924
353.921
355.147
357.011
357.704
358.362
359.334
359.392
358.542
355.080
354.447
354.840
354.564
353.033
355.645
355.217
355.691
356.546
356.181
356.666
358.488
357.933
357.200
357.356
356.072
355.665
354.714
354.389
353.979
352.895
352.942
351.035
348.569
346.424
345.726
348.948
351.659
351.411
353.348
355.776
354.840
354.124
353.338
351.019
350.657
348.555
347.972
344.711
344.099
345.592
343.081
340.846
340.270
338.594
339.882
340.569
339.517
341.382
338.797
339.013
339.658
332.764
335.496
334.545
334.249
335.824
332.623
332.266
330.981
328.864
331.906
332.413
336.086
335.576
335.467
335.477
338.668
341.214
338.561
339.287
340.614
340.712
339.386
334.878
338.981
338.310
338.346
334.712
335.174
333.033
333.108
330.807
335.122
331.488
333.898
333.863
331.740
330.643
331.166
331.400
327.308
327.091
325.085
318.191
322.488
321.061
319.160
316.428
317.151
313.241
316.748
312.604
312.896
311.266
312.121
310.504
309.747
310.372
310.068
310.424
311.501
312.317
311.947
310.702
313.371
315.387
316.619
316.995
319.472
319.075
318.695
322.190
319.172
318.892
316.543
315.696
313.318
312.083
314.373
313.032
314.278
314.223
312.569
309.239
308.558
309.385
306.032
304.455
302.350
298.964
296.710
295.252
294.764
291.204
292.992
295.147
291.498
288.953
288.474
290.531
287.239
288.229
291.089
292.682
291.669
295.233
292.811
295.696
295.052
293.926
293.503
293.053
292.871
294.416
299.353
293.925
294.315
294.116
294.443
296.328
295.808
294.851
294.772
296.369
293.350
294.815
292.569
291.917
290.617
290.830
290.903
292.003
291.676
295.154
292.103
292.581
290.922
295.855
296.264
297.489
299.629
300.618
301.656
301.871
304.173
305.437
303.792
305.243
303.998
303.875
301.526
302.680
299.904
297.640
297.928
298.483
297.117
296.315
296.054
300.378
299.103
299.106
298.181
301.927
300.214
298.552
299.195
299.689
300.846
300.714
300.034
299.465
302.933
302.286
304.759
308.816
308.979
310.449
312.804
315.091
315.963
315.288
320.787
318.821
320.099
320.084
317.715
322.437
320.352
320.677
320.445
319.776
321.852
322.740
320.644
326.086
326.109
326.540
325.546
327.813
327.813
328.115
330.112
330.348
332.026
330.300
331.724
334.428
333.015
331.334
330.537
331.661
330.551
332.054
333.046
333.119
332.056
333.506
333.647
336.524
337.115
339.178
336.174
332.613
330.507
328.917
329.159
333.112
334.588
336.018
336.268
337.158
336.569
335.360
335.169
334.440
335.347
336.076
337.516
339.824
340.568
340.929
343.529
341.509
341.094
340.827
340.596
339.512
336.913
340.066
339.901
339.373
340.688
342.542
344.567
346.006
347.063
345.324
347.757
349.062
349.175
351.736
355.258
357.992
357.669
356.955
354.524
353.095
350.034
349.140
347.461
346.207
344.694
341.850
341.517
339.962
335.845
333.469
330.931
326.996
325.819
322.705
316.830
314.896
317.107
314.850
314.514
311.102
307.413
305.671
299.959
297.838
294.929
290.895
289.114
287.145
287.743
287.191
287.640
286.917
287.335
286.333
286.407
287.599
289.179
291.498
291.002
290.042
291.502
293.664
291.165
294.450
296.148
293.938
294.045
294.071
289.453
289.210
288.631
289.600
292.113
287.419
286.947
284.097
285.457
283.938
283.816
281.725
277.139
276.557
277.459
276.902
275.542
274.234
271.423
268.235
267.271
269.055
264.416
265.348
265.684
264.251
264.112
264.660
264.477
266.617
267.798
270.986
272.497
273.245
273.417
274.609
275.274
276.129
275.607
276.639
275.875
276.274
275.764
277.887
274.208
274.726
273.916
273.197
272.486
275.806
273.773
276.357
274.296
274.974
273.376
271.641
271.710
269.172
266.821
269.079
269.197
267.528
267.252
266.481
265.687
265.252
264.603
261.058
262.044
258.001
256.151
259.617
258.561
259.320
260.173
259.188
257.742
258.275
256.276
258.772
258.028
258.182
259.511
258.365
258.354
257.596
256.436
255.510
254.601
251.546
248.386
249.158
249.906
249.631
249.079
247.811
246.435
246.111
241.877
244.793
244.489
246.270
244.247
245.481
245.919
245.513
246.470
247.596
247.781
248.207
249.798
250.447
250.890
251.392
250.646
251.216
249.479
251.137
249.399
249.343
250.646
253.141
253.001
252.085
251.263
252.445
254.726
252.199
251.489
249.340
253.454
252.104
251.492
250.103
250.555
249.626
250.219
249.044
249.294
249.158
251.032
251.425
252.852
252.567
254.672
251.601
253.049
255.959
254.709
257.519
255.443
248.798
266.367
277.678
280.421
282.459
282.347
283.658
283.607
282.153
282.223
282.434
281.334
281.411
280.013
280.266
277.067
275.002
274.545
272.412
271.220
269.890
271.046
270.638
271.976
272.767
271.170
273.611
273.648
273.072
275.789
277.229
276.828
277.825
280.315
281.145
279.834
280.927
284.575
282.883
283.027
286.149
282.734
282.665
283.457
281.242
279.436
283.182
281.830
282.352
281.009
281.082
280.927
281.338
285.627
289.928
293.258
297.835
297.298
297.345
296.129
293.638
291.884
291.079
289.103
288.145
285.720
284.368
281.770
280.586
277.702
277.909
274.661
271.654
272.332
272.387
273.035
272.845
271.371
272.624
273.434
270.571
272.010
272.197
270.379
269.874
272.438
271.311
269.501
272.883
271.901
274.614
275.454
276.682
278.700
280.442
281.976
281.655
280.809
282.027
281.398
281.995
283.326
282.153
284.430
284.895
286.026
284.470
283.723
282.507
282.425
280.795
282.799
282.154
280.930
282.002
281.558
279.835
280.371
279.044
280.012
277.876
277.284
275.826
274.420
272.439
272.217
272.448
269.236
268.225
267.697
264.794
264.651
260.872
264.195
262.280
261.978
261.806
261.542
260.499
259.833
260.562
258.728
257.402
257.019
254.697
257.072
252.837
252.013
249.192
245.334
246.977
242.131
242.785
242.141
240.137
238.407
239.538
240.702
243.708
242.290
243.430
245.298
243.977
247.523
249.138
248.288
246.445
250.180
250.013
251.682
250.687
253.169
252.336
251.698
253.321
254.580
255.226
258.744
261.333
263.206
267.655
271.196
273.728
276.149
277.322
276.863
277.342
281.261
281.214
279.462
283.105
282.719
280.704
284.046
283.852
285.697
285.785
284.360
285.894
287.083
284.875
284.596
285.323
283.394
284.421
285.034
281.319
281.176
282.321
278.942
280.155
276.721
274.947
273.890
271.107
270.439
270.133
268.730
268.103
266.795
266.011
264.771
264.816
266.069
265.063
267.461
266.737
267.568
266.768
264.265
265.452
266.369
269.177
270.199
270.791
270.167
269.333
267.703
266.333
265.868
265.391
266.477
265.254
266.373
269.277
269.090
267.494
270.566
274.665
274.607
274.783
277.451
276.040
275.170
276.215
276.186
275.489
276.079
275.946
273.258
275.981
272.804
274.529
275.913
274.468
274.380
276.738
276.767
278.980
278.028
278.046
277.435
276.944
277.194
273.336
277.706
277.063
275.806
273.562
272.798
269.035
268.873
270.270
268.691
265.918
265.001
263.824
263.616
263.395
261.605
260.283
259.337
258.672
258.058
256.580
257.222
257.216
255.602
254.524
253.700
251.749
252.217
252.239
252.849
251.864
252.824
252.572
252.722
252.922
252.902
254.187
255.741
256.656
259.287
261.568
265.175
265.990
267.625
271.212
272.557
272.563
274.952
274.221
274.336
278.270
278.219
281.312
278.256
282.619
280.748
282.869
282.691
282.096
279.702
279.478
280.979
279.222
277.324
277.106
276.633
274.232
275.643
273.808
272.885
272.947
270.697
268.728
267.260
268.299
268.144
264.704
267.617
262.802
263.702
261.523
260.173
260.662
256.929
255.852
255.406
253.850
253.004
252.428
252.204
252.871
252.406
251.056
251.046
250.964
250.613
251.296
252.091
248.859
251.109
248.822
247.481
246.293
245.606
243.991
239.896
237.254
237.741
237.277
235.698
233.710
230.764
228.939
228.481
229.088
229.360
229.147
230.149
229.720
230.361
232.186
234.940
233.387
233.365
234.113
234.890
233.016
233.110
236.546
237.410
238.437
237.742
240.440
240.236
243.063
243.929
243.441
242.701
242.502
243.572
243.565
242.692
245.418
246.009
244.972
243.342
245.783
243.908
245.500
245.054
245.087
244.507
248.865
248.277
249.667
250.258
249.647
249.914
251.532
252.863
251.200
251.779
252.874
253.437
254.856
255.496
256.402
260.116
263.648
264.584
264.216
264.800
264.828
265.107
266.399
265.952
266.866
268.884
268.884
270.038
272.542
270.287
269.481
268.816
269.255
269.384
267.417
266.452
265.652
264.392
265.331
264.616
266.084
264.938
262.549
260.388
260.011
256.163
254.022
252.673
252.209
251.640
250.720
249.762
248.551
248.454
246.904
246.569
246.028
245.230
243.753
244.814
244.159
243.271
241.960
243.618
245.219
244.751
245.401
244.842
242.844
241.382
240.349
239.179
240.842
240.864
242.285
241.683
242.290
240.214
240.869
239.078
240.299
241.177
237.696
237.608
240.799
238.630
239.879
240.335
243.547
243.353
244.082
242.055
241.034
239.811
238.810
240.161
238.710
240.342
239.911
238.446
239.203
238.994
238.349
238.064
241.114
240.066
240.788
241.909
245.890
244.138
244.061
243.518
245.360
247.852
244.882
245.233
246.196
242.721
244.044
241.951
241.254
240.283
238.939
240.811
241.641
239.626
239.673
241.078
238.914
241.142
239.414
240.717
239.096
239.153
237.428
237.743
235.197
237.066
235.309
233.858
233.797
232.473
233.524
232.782
232.631
230.177
230.908
230.701
230.808
230.233
228.941
231.178
230.705
230.230
230.343
230.173
231.383
231.357
231.736
233.369
235.174
233.196
234.322
232.981
235.187
236.214
232.975
233.535
232.002
232.866
230.026
234.341
232.326
231.254
231.739
229.911
229.801
231.057
232.087
235.457
235.720
236.673
239.822
239.896
243.220
245.600
247.341
247.940
250.512
247.175
246.954
247.588
247.639
246.906
246.033
245.434
245.057
246.366
248.684
249.692
249.731
247.958
249.325
250.598
254.244
253.307
254.209
254.915
254.973
254.108
253.656
254.632
250.189
251.160
249.956
250.707
248.556
248.920
247.706
248.575
250.113
250.367
250.159
249.796
249.825
249.231
249.829
249.783
248.872
247.793
247.164
246.074
244.392
244.160
243.158
244.044
243.916
245.403
245.561
244.795
244.037
245.475
245.242
244.510
242.309
242.709
243.804
245.929
253.185
258.747
262.644
267.372
270.169
271.558
273.662
276.440
275.230
278.396
275.502
275.546
276.829
276.001
277.267
274.531
274.233
272.722
271.019
269.064
269.315
268.319
267.998
267.051
264.160
263.756
264.811
268.281
265.073
264.724
263.458
260.596
258.509
257.097
256.301
255.478
252.965
249.972
251.396
251.775
248.684
248.842
247.490
247.811
246.404
245.686
246.659
243.468
245.067
252.457
251.341
251.878
250.906
249.111
250.944
250.730
248.248
248.948
249.270
250.162
248.666
251.577
253.646
254.427
255.559
256.401
259.585
259.952
262.811
262.453
264.360
265.172
262.046
263.005
263.512
264.777
268.704
267.936
266.741
266.648
267.104
266.301
264.962
269.478
264.687
264.354
265.129
264.824
261.748
260.416
261.008
258.834
255.682
252.844
249.640
250.062
247.026
243.423
243.163
239.911
238.709
236.827
236.818
235.694
233.389
233.455
231.647
231.911
230.919
228.335
230.179
228.724
227.157
227.400
226.113
223.696
223.170
223.631
223.222
222.150
223.151
223.551
220.649
223.001
221.984
221.305
221.764
222.715
221.893
222.915
225.059
226.063
227.763
229.916
228.340
229.525
230.176
231.559
230.833
233.678
235.881
234.591
234.941
237.541
237.414
238.063
236.460
236.669
235.558
235.594
235.797
237.815
237.684
237.362
238.668
238.538
240.182
240.651
240.091
242.438
244.406
246.431
245.155
243.705
245.704
245.751
243.847
246.134
245.338
245.813
245.191
245.422
246.032
250.273
249.595
248.783
251.744
251.388
251.510
252.484
253.200
250.775
251.762
253.460
251.215
252.676
252.147
250.723
252.446
250.191
250.456
246.449
246.914
248.374
249.160
251.264
251.145
251.157
253.831
254.557
254.222
254.403
254.888
254.016
254.266
253.722
254.520
254.139
254.848
255.031
257.923
260.062
261.287
264.851
264.964
269.413
273.160
274.889
276.989
277.287
281.185
287.866
290.445
290.179
290.768
291.855
291.532
290.900
290.586
292.929
293.384
293.582
292.502
292.688
293.466
295.126
295.225
298.208
296.719
296.127
297.364
296.623
295.047
294.089
295.017
292.255
290.801
289.560
290.575
288.654
289.597
288.733
288.422
287.973
288.080
288.038
289.023
287.811
289.640
291.294
293.207
292.665
292.831
294.376
294.018
294.096
294.491
295.310
296.843
295.482
298.238
300.419
301.196
301.868
305.530
308.325
305.996
307.699
309.552
309.213
308.436
309.157
310.319
311.338
314.385
312.477
312.903
312.243
310.385
311.091
310.182
312.278
310.153
312.573
312.195
312.647
311.197
309.867
309.067
311.435
311.536
314.709
312.484
311.218
311.535
313.768
316.426
318.740
317.892
318.114
318.577
319.184
319.288
319.248
317.845
317.831
320.314
320.323
323.466
320.579
319.350
319.759
317.164
320.872
321.212
319.131
319.951
319.163
319.617
316.834
312.471
312.558
310.506
310.501
309.910
310.251
307.087
304.369
305.045
301.139
299.869
297.379
296.338
296.725
295.986
297.316
292.965
293.065
294.309
290.685
292.048
291.277
290.820
289.861
288.194
287.231
286.383
283.322
282.853
284.871
281.020
280.819
283.669
281.250
280.767
279.934
280.305
281.295
281.120
281.566
280.944
281.635
277.707
277.450
278.546
274.034
277.446
276.116
275.203
274.081
274.839
275.241
275.798
273.941
276.076
275.133
276.020
273.185
275.645
276.546
277.004
274.647
272.876
272.293
271.915
271.114
271.137
271.063
269.085
273.358
273.509
274.318
274.908
276.298
276.958
276.626
278.862
276.994
280.854
277.982
282.806
281.292
282.602
284.541
284.974
283.072
284.474
283.758
282.291
282.845
285.602
286.434
287.562
288.674
287.815
289.486
288.495
290.754
288.248
286.465
284.305
286.376
281.108
284.654
283.768
283.158
279.270
278.226
276.735
276.866
273.594
273.353
275.571
272.959
272.261
272.292
270.136
269.560
268.817
269.934
267.679
268.326
268.734
268.573
268.861
269.050
269.145
268.400
268.521
267.086
267.467
268.851
266.999
269.956
270.883
272.548
274.956
275.176
273.332
272.338
272.097
272.256
273.055
272.729
273.956
271.426
272.208
273.349
273.176
272.366
271.789
273.371
274.395
274.332
277.642
278.799
277.985
278.338
280.806
280.885
281.241
281.309
283.059
283.830
283.975
284.377
284.411
284.715
289.257
290.215
290.523
289.460
293.961
294.038
293.473
298.255
297.716
299.241
300.636
301.664
298.344
300.273
298.936
297.220
297.058
298.431
297.720
295.348
293.743
295.560
293.171
291.561
291.042
288.698
289.048
290.584
286.413
285.385
286.960
286.393
283.120
283.775
281.876
280.996
283.034
280.956
280.500
282.129
283.035
282.277
282.098
284.306
281.273
284.570
284.041
279.969
280.398
281.525
280.207
279.662
281.879
284.255
283.044
283.772
280.795
281.131
281.364
282.935
281.594
284.397
284.364
285.580
283.021
283.263
284.215
283.060
283.193
279.349
280.213
277.219
280.745
281.154
280.188
281.465
281.189
281.953
283.100
285.311
285.527
289.691
289.040
287.718
286.473
288.376
288.517
287.504
285.340
286.120
284.519
285.189
281.190
281.597
284.812
283.250
282.740
286.694
282.946
283.537
286.094
283.191
283.084
281.643
279.087
272.513
273.436
275.078
273.195
270.682
271.089
270.409
269.889
269.457
270.864
271.386
272.609
274.508
276.072
274.782
273.784
276.289
276.572
278.739
278.159
277.455
277.869
277.536
278.496
281.862
274.578
277.001
275.705
274.380
275.677
277.688
278.411
279.396
278.239
280.262
278.806
280.391
280.112
280.519
280.782
280.173
277.949
277.055
276.037
276.377
278.119
279.063
278.478
276.329
275.080
274.941
275.460
270.709
271.664
268.968
269.200
268.525
269.880
267.641
268.138
263.979
264.348
262.583
262.671
261.736
263.621
259.023
262.209
261.107
263.989
266.238
265.906
266.421
268.100
269.027
268.564
270.517
267.451
270.986
267.787
265.796
270.140
269.398
271.935
273.155
275.360
273.368
271.861
272.069
272.006
275.348
273.025
275.203
275.232
275.031
275.379
274.732
273.742
272.277
275.661
287.069
297.701
304.130
307.909
308.293
309.326
311.893
311.014
309.822
309.293
311.609
310.857
311.502
312.072
309.786
311.127
311.595
311.355
309.295
310.817
308.827
310.328
311.265
309.214
310.066
310.057
310.181
311.528
311.824
310.919
307.305
311.780
308.637
308.492
308.963
306.330
306.955
306.267
305.290
304.080
303.858
301.888
301.802
302.971
300.541
297.851
296.028
295.469
298.471
296.223
295.376
296.943
296.280
294.420
292.382
293.652
292.242
292.074
290.012
290.170
289.766
288.116
287.745
287.570
285.026
285.924
288.042
286.608
289.865
289.666
289.862
291.769
295.305
294.158
294.284
293.991
294.717
296.958
295.702
296.426
296.380
295.927
294.088
295.328
295.080
293.840
292.989
295.340
295.431
296.489
295.163
296.513
297.243
298.462
299.633
299.468
299.585
298.917
299.931
300.292
300.584
299.217
299.169
299.887
302.342
300.714
302.666
301.611
300.613
302.017
301.002
304.648
307.119
304.619
